0 4 0
1 4 0
2 4 0
3 4 0
4 4 0
5 4 0
6 4 0
7 4 0
8 4 0
9 4 0
10 4 0
11 4 0.01
12 4 0
13 4 0
14 4 0
15 4 0
16 4 0
17 4 0
18 4 0
19 4 0
20 4 0
21 4 0
22 4 0
23 4 0
24 4 0
25 4 0
26 4 0
27 4 0
28 4 0
29 4 0
30 4 0
31 4 0
32 4 0.02
33 4 0
34 4 0
35 4 0
36 4 0
37 4 0
38 4 0
39 4 0
40 4 0
41 4 0
42 4 0
43 4 0
44 4 0
45 4 0.02
46 4 0
47 4 0
48 4 0
49 4 0
50 4 0
51 4 0
52 4 0
53 4 0
54 4 0
55 4 0.01
56 4 0
57 4 0
58 4 0
59 4 0
60 4 0
61 4 0
62 4 0
63 4 0.02
64 4 0
65 4 0
66 4 0.01
67 4 0
68 4 0
69 4 0
70 4 0
71 4 0
72 4 0
73 4 0
74 4 0.02
75 4 0
76 4 0
77 4 0
78 4 0
79 4 0
80 4 0.01
81 4 0
82 4 0
83 4 0
84 4 0
85 4 0
86 4 0.02
87 4 0
88 4 0
89 4 0
90 4 0
91 4 0
92 4 0.01
93 4 0
94 4 0
95 4 0
96 4 0
97 4 0.02
98 4 0
99 4 0
100 4 0
101 4 0
102 4 0.02
103 4 0
104 4 0
105 4 0
106 4 0
107 4 0.01
108 4 0
109 4 0
110 4 0
111 4 0.02
112 4 0
113 4 0
114 4 0
115 4 0.01
116 4 0
117 4 0
118 4 0
119 4 0.02
120 4 0
121 4 0
122 4 0
123 4 0
124 4 0.01
125 4 0
126 4 0
127 4 0.02
128 4 0
129 4 0
130 4 0
131 4 0.02
132 4 0
133 4 0
134 4 0.01
135 4 0
136 4 0
137 4 0
138 4 0.02
139 4 0
140 4 0
141 4 0.01
142 4 0
143 4 0
144 4 0
145 4 0.02
146 4 0
147 4 0.01
148 4 0
149 4 0
150 4 0.02
151 4 0
152 4 0
153 4 0.01
154 4 0
155 4 0
156 4 0.02
157 4 0
158 4 0
159 4 0.02
160 4 0
161 4 0
162 4 0.01
163 4 0
164 4 0.02
165 4 0
166 4 0
167 4 0.01
168 4 0
169 4 0
170 4 0.02
171 4 0
172 4 0
173 4 0.01
174 4 0
175 4 0.02
176 4 0
177 4 0
178 4 0.02
179 4 0
180 4 0
181 4 0.01
182 4 0
183 4 0.02
184 4 0
185 4 0
186 4 0.01
187 4 0
188 4 0
189 4 0.02
190 4 0
191 4 0.01
192 4 0
193 4 0
194 4 0.02
195 4 0
196 4 0.01
197 4 0
198 4 0
199 4 0.02
200 4 0
201 4 0.02
202 4 0
203 4 0.01
204 4 0
205 4 0
206 4 0.02
207 4 0
208 4 0.01
209 4 0
210 4 0.02
211 4 0
212 4 0
213 4 0.01
214 4 0
215 4 0.02
216 4 0
217 4 0.02
218 4 0
219 4 0.01
220 4 0
221 4 0
222 4 0.02
223 4 0
224 4 0.01
225 4 0
226 4 0.02
227 4 0
228 4 0.01
229 4 0
230 4 0.02
231 4 0
232 4 0.01
233 4 0
234 4 0.02
235 4 0
236 4 0.02
237 4 0
238 4 0.01
239 4 0
240 4 0.02
241 4 0
242 4 0.01
243 4 0
244 4 0.02
245 4 0
246 4 0.01
247 4 0
248 4 0.02
249 4 0
250 4 0.02
251 4 0
252 4 0.01
253 4 0
254 4 0.02
255 4 0
256 4 0.01
257 4 0
258 4 0.02
259 4 0
260 4 0.01
261 4 0.02
262 4 0
263 4 0.01
264 4 0
265 4 0.02
266 4 0
267 4 0.02
268 4 0
269 4 0.01
270 4 0.02
271 4 0
272 4 0.01
273 4 0
274 4 0.02
275 4 0
276 4 0.01
277 4 0.02
278 4 0
279 4 0.02
280 4 0
281 4 0.01
282 4 0
283 4 0.02
284 4 0.01
285 4 0
286 4 0.02
287 4 0
288 4 0.01
289 4 0.02
290 4 0
291 4 0.01
292 4 0.02
293 4 0
294 4 0.02
295 4 0.01
296 4 0
297 4 0.02
298 4 0.01
299 4 0
300 4 0.02
301 4 0.01
302 4 0.02
303 4 0
304 4 0.02
305 4 0.01
306 4 0
307 4 0.02
308 4 0.01
309 4 0.02
310 4 0
311 4 0.01
312 4 0.02
313 4 0
314 4 0.01
315 4 0.02
316 4 0.02
317 4 0
318 4 0.01
319 4 0.02
320 4 0
321 4 0.01
322 4 0.02
323 4 0.01
324 4 0
325 4 0.02
326 4 0.02
327 4 0
328 4 0
329 4 0.01
330 4 0.02
331 4 0
332 4 0.01
333 4 0.02
334 4 0.01
335 4 0
336 4 0.02
337 4 0.01
338 4 0.02
339 4 0.02
340 4 0
341 4 0.01
342 4 0.02
343 4 0.01
344 4 0
345 4 0.02
346 4 0.01
347 4 0.02
348 4 0.02
349 4 0
350 4 0.01
351 4 0.02
352 4 0
353 4 0.01
354 4 0.02
355 4 0.01
356 4 0
357 4 0.02
358 4 0.01
359 4 0.02
360 4 0
361 4 0.02
362 4 0.01
363 4 0.02
364 4 0
365 4 0.01
366 4 0.02
367 4 0.01
368 4 0
369 4 0.02
370 4 0.02
371 4 0.01
372 4 0.02
373 4 0.01
374 4 0
375 4 0.02
376 4 0.01
377 4 0.02
378 4 0.01
379 4 0.02
380 4 0.02
381 4 0
382 4 0.01
383 4 0.02
384 4 0.01
385 4 0.02
386 4 0.01
387 4 0.02
388 4 0.02
389 4 0
390 4 0.01
391 4 0.02
392 4 0.01
393 4 0.02
394 4 0.01
395 4 0.02
396 4 0.01
397 4 0.02
398 4 0
399 4 0.02
400 4 0.01
401 4 0.02
402 4 0.01
403 4 0.02
404 4 0.01
405 4 0.02
406 4 0.02
407 4 0.01
408 4 0
409 4 0.02
410 4 0.01
411 4 0.02
412 4 0.01
413 4 0.02
414 4 0.01
415 4 0.02
416 4 0.02
417 4 0.01
418 4 0.02
419 4 0.01
420 4 0.02
421 4 0.01
422 4 0.02
423 4 0.02
424 4 0
425 4 0.01
426 4 0.02
427 4 0.01
428 4 0.02
429 4 0.01
430 4 0.02
431 4 0.01
432 4 0.02
433 4 0.02
434 4 0.01
435 4 0.02
436 4 0.01
437 4 0.02
438 4 0.01
439 4 0.02
440 4 0.02
441 4 0.01
442 4 0.02
443 4 0.01
444 4 0.02
445 4 0.01
446 4 0.02
447 4 0.01
448 4 0.02
449 4 0.02
450 4 0.01
451 4 0.02
452 4 0.01
453 4 0.02
454 4 0.01
455 4 0.02
456 4 0.02
457 4 0.01
458 4 0.02
459 4 0.01
460 4 0.02
461 4 0.01
462 4 0.03
463 4 0.02
464 4 0.02
465 4 0.01
466 4 0.02
467 4 0.01
468 4 0.02
469 4 0.01
470 4 0.02
471 4 0.02
472 4 0.01
473 4 0.02
474 4 0.01
475 4 0.02
476 4 0.01
477 4 0.02
478 4 0.01
479 4 0.02
480 4 0.02
481 4 0.01
482 4 0.03
483 4 0.02
484 4 0.01
485 4 0.02
486 4 0.02
487 4 0.01
488 4 0.02
489 4 0.01
490 4 0.02
491 4 0.01
492 4 0.02
493 4 0.01
494 4 0.04
495 4 0.01
496 4 0.02
497 4 0.01
498 4 0.02
499 4 0.01
500 4 0.02
501 4 0.03
502 4 0.02
503 4 0.01
504 4 0.02
505 4 0.01
506 4 0.02
507 4 0.01
508 4 0.04
509 4 0.01
510 4 0.02
511 4 0.01
512 4 0.02
513 4 0.01
514 4 0.04
515 4 0.01
516 4 0.02
517 4 0.01
518 4 0.02
519 4 0.01
520 4 0.02
521 4 0.03
522 4 0.02
523 4 0.01
524 4 0.02
525 4 0.01
526 4 0.02
527 4 0.03
528 4 0.02
529 4 0.01
530 4 0.02
531 4 0.01
532 4 0.02
533 4 0.03
534 4 0.01
535 4 0.02
536 4 0.02
537 4 0.01
538 4 0.03
539 4 0.02
540 4 0.01
541 4 0.02
542 4 0.02
543 4 0.03
544 4 0.01
545 4 0.02
546 4 0.01
547 4 0.02
548 4 0.03
549 4 0.02
550 4 0.01
551 4 0.02
552 4 0.01
553 4 0.03
554 4 0.02
555 4 0.02
556 4 0.01
557 4 0.03
558 4 0.02
559 4 0.01
560 4 0.02
561 4 0.03
562 4 0.02
563 4 0.01
564 4 0.02
565 4 0.03
566 4 0.01
567 4 0.02
568 4 0.02
569 4 0.03
570 4 0.01
571 4 0.02
572 4 0.01
573 4 0.03
574 4 0.02
575 4 0.02
576 4 0.01
577 4 0.03
578 4 0.02
579 4 0.01
580 4 0.02
581 4 0.03
582 4 0.02
583 4 0.01
584 4 0.03
585 4 0.02
586 4 0.01
587 4 0.02
588 4 0.03
589 4 0.02
590 4 0.01
591 4 0.03
592 4 0.02
593 4 0.02
594 4 0.03
595 4 0.01
596 4 0.02
597 4 0.01
598 4 0.03
599 4 0.02
600 4 0.02
601 4 0.03
602 4 0.01
603 4 0.02
604 4 0.03
605 4 0.02
606 4 0.01
607 4 0.03
608 4 0.02
609 4 0.01
610 4 0.03
611 4 0.02
612 4 0.02
613 4 0.03
614 4 0.01
615 4 0.02
616 4 0.03
617 4 0.02
618 4 0.01
619 4 0.03
620 4 0.02
621 4 0.03
622 4 0.01
623 4 0.02
624 4 0.03
625 4 0.02
626 4 0.01
627 4 0.03
628 4 0.02
629 4 0.03
630 4 0.02
631 4 0.01
632 4 0.03
633 4 0.02
634 4 0.01
635 4 0.04
636 4 0.01
637 4 0.03
638 4 0.02
639 4 0.01
640 4 0.04
641 4 0.01
642 4 0.03
643 4 0.02
644 4 0.01
645 4 0.03
646 4 0.02
647 4 0.03
648 4 0.02
649 4 0.01
650 4 0.03
651 4 0.02
652 4 0.03
653 4 0.02
654 4 0.03
655 4 0.01
656 4 0.02
657 4 0.03
658 4 0.02
659 4 0.03
660 4 0.01
661 4 0.03
662 4 0.02
663 4 0.03
664 4 0.02
665 4 0.01
666 4 0.03
667 4 0.02
668 4 0.03
669 4 0.02
670 4 0.03
671 4 0.01
672 4 0.03
673 4 0.02
674 4 0.02
675 4 0.03
676 4 0.01
677 4 0.03
678 4 0.02
679 4 0.03
680 4 0.02
681 4 0.03
682 4 0.01
683 4 0.03
684 4 0.02
685 4 0.03
686 4 0.02
687 4 0.03
688 4 0.01
689 4 0.03
690 4 0.02
691 4 0.03
692 4 0.02
693 4 0.03
694 4 0.01
695 4 0.04
696 4 0.01
697 4 0.03
698 4 0.02
699 4 0.03
700 4 0.01
701 4 0.04
702 4 0.01
703 4 0.03
704 4 0.02
705 4 0.03
706 4 0.02
707 4 0.03
708 4 0.01
709 4 0.03
710 4 0.03
711 4 0.02
712 4 0.03
713 4 0.02
714 4 0.03
715 4 0.01
716 4 0.04
717 4 0.01
718 4 0.03
719 4 0.03
720 4 0.02
721 4 0.03
722 4 0.02
723 4 0.03
724 4 0.01
725 4 0.03
726 4 0.02
727 4 0.03
728 4 0.03
729 4 0.02
730 4 0.03
731 4 0.01
732 4 0.04
733 4 0.01
734 4 0.03
735 4 0.03
736 4 0.02
737 4 0.03
738 4 0.03
739 4 0.02
740 4 0.03
741 4 0.01
742 4 0.04
743 4 0.03
744 4 0.01
745 4 0.03
746 4 0.02
747 4 0.03
748 4 0.03
749 4 0.02
750 4 0.03
751 4 0.03
752 4 0.02
753 4 0.03
754 4 0.03
755 4 0.01
756 4 0.04
757 4 0.03
758 4 0.01
759 4 0.03
760 4 0.02
761 4 0.03
762 4 0.03
763 4 0.02
764 4 0.03
765 4 0.03
766 4 0.02
767 4 0.03
768 4 0.03
769 4 0.01
770 4 0.03
771 4 0.04
772 4 0.01
773 4 0.03
774 4 0.03
775 4 0.02
776 4 0.03
777 4 0.03
778 4 0.02
779 4 0.03
780 4 0.03
781 4 0.03
782 4 0.02
783 4 0.03
784 4 0.03
785 4 0.03
786 4 0.02
787 4 0.03
788 4 0.03
789 4 0.01
790 4 0.04
791 4 0.03
792 4 0.03
793 4 0.01
794 4 0.04
795 4 0.03
796 4 0.01
797 4 0.03
798 4 0.03
799 4 0.04
800 4 0.01
801 4 0.03
802 4 0.03
803 4 0.02
804 4 0.03
805 4 0.03
806 4 0.03
807 4 0.02
808 4 0.03
809 4 0.03
810 4 0.03
811 4 0.02
812 4 0.03
813 4 0.03
814 4 0.03
815 4 0.02
816 4 0.03
817 4 0.03
818 4 0.03
819 4 0.03
820 4 0.02
821 4 0.03
822 4 0.03
823 4 0.03
824 4 0.03
825 4 0.02
826 4 0.03
827 4 0.03
828 4 0.03
829 4 0.03
830 4 0.02
831 4 0.03
832 4 0.03
833 4 0.03
834 4 0.03
835 4 0.02
836 4 0.03
837 4 0.03
838 4 0.03
839 4 0.04
840 4 0.01
841 4 0.03
842 4 0.03
843 4 0.03
844 4 0.04
845 4 0.03
846 4 0.01
847 4 0.03
848 4 0.04
849 4 0.03
850 4 0.03
851 4 0.03
852 4 0.01
853 4 0.04
854 4 0.03
855 4 0.03
856 4 0.03
857 4 0.03
858 4 0.03
859 4 0.02
860 4 0.03
861 4 0.03
862 4 0.03
863 4 0.03
864 4 0.03
865 4 0.04
866 4 0.01
867 4 0.03
868 4 0.03
869 4 0.03
870 4 0.04
871 4 0.03
872 4 0.03
873 4 0.03
874 4 0.03
875 4 0.03
876 4 0.03
877 4 0.02
878 4 0.03
879 4 0.03
880 4 0.03
881 4 0.03
882 4 0.04
883 4 0.03
884 4 0.03
885 4 0.03
886 4 0.03
887 4 0.03
888 4 0.03
889 4 0.03
890 4 0.04
891 4 0.03
892 4 0.01
893 4 0.03
894 4 0.03
895 4 0.04
896 4 0.03
897 4 0.03
898 4 0.03
899 4 0.03
900 4 0.03
901 4 0.03
902 4 0.03
903 4 0.04
904 4 0.03
905 4 0.03
906 4 0.03
907 4 0.03
908 4 0.02
909 4 0.03
910 4 0.03
911 4 0.03
912 4 0.03
913 4 0.03
914 4 0.03
915 4 0.04
916 4 0.03
917 4 0.03
918 4 0.03
919 4 0.03
920 4 0.03
921 4 0.03
922 4 0.03
923 4 0.04
924 4 0.03
925 4 0.03
926 4 0.03
927 4 0.03
928 4 0.03
929 4 0.05
930 4 0.03
931 4 0.03
932 4 0.03
933 4 0.03
934 4 0.03
935 4 0.04
936 4 0.03
937 4 0.03
938 4 0.03
939 4 0.03
940 4 0.03
941 4 0.03
942 4 0.03
943 4 0.04
944 4 0.03
945 4 0.03
946 4 0.03
947 4 0.03
948 4 0.03
949 4 0.03
950 4 0.03
951 4 0.04
952 4 0.03
953 4 0.03
954 4 0.05
955 4 0.03
956 4 0.03
957 4 0.03
958 4 0.03
959 4 0.03
960 4 0.03
961 4 0.03
962 4 0.04
963 4 0.03
964 4 0.03
965 4 0.04
966 4 0.04
967 4 0.03
968 4 0.03
969 4 0.03
970 4 0.03
971 4 0.03
972 4 0.03
973 4 0.03
974 4 0.04
975 4 0.03
976 4 0.03
977 4 0.05
978 4 0.03
979 4 0.03
980 4 0.03
981 4 0.03
982 4 0.03
983 4 0.03
984 4 0.03
985 4 0.04
986 4 0.04
987 4 0.03
988 4 0.03
989 4 0.04
990 4 0.03
991 4 0.03
992 4 0.03
993 4 0.03
994 4 0.05
995 4 0.03
996 4 0.03
997 4 0.03
998 4 0.03
999 4 0.03
1000 4 0.05
1001 4 0.03
1002 4 0.03
1003 4 0.03
1004 4 0.04
1005 4 0.03
1006 4 0.03
1007 4 0.05
1008 4 0.03
1009 4 0.03
1010 4 0.03
1011 4 0.03
1012 4 0.05
1013 4 0.03
1014 4 0.03
1015 4 0.03
1016 4 0.03
1017 4 0.05
1018 4 0.03
1019 4 0.03
1020 4 0.03
1021 4 0.03
1022 4 0.05
1023 4 0.03
1024 4 0.03
1025 4 0.03
1026 4 0.05
1027 4 0.03
1028 4 0.03
1029 4 0.04
1030 4 0.03
1031 4 0.04
1032 4 0.03
1033 4 0.04
1034 4 0.03
1035 4 0.03
1036 4 0.05
1037 4 0.03
1038 4 0.03
1039 4 0.03
1040 4 0.05
1041 4 0.03
1042 4 0.03
1043 4 0.03
1044 4 0.03
1045 4 0.03
1046 4 0.03
1047 4 0.05
1048 4 0.03
1049 4 0.03
1050 4 0.03
1051 4 0.05
1052 4 0.03
1053 4 0.03
1054 4 0.03
1055 4 0.05
1056 4 0.03
1057 4 0.03
1058 4 0.04
1059 4 0.04
1060 4 0.03
1061 4 0.03
1062 4 0.04
1063 4 0.04
1064 4 0.03
1065 4 0.04
1066 4 0.04
1067 4 0.03
1068 4 0.03
1069 4 0.04
1070 4 0.04
1071 4 0.03
1072 4 0.04
1073 4 0.04
1074 4 0.03
1075 4 0.03
1076 4 0.04
1077 4 0.04
1078 4 0.03
1079 4 0.04
1080 4 0.04
1081 4 0.03
1082 4 0.03
1083 4 0.05
1084 4 0.03
1085 4 0.03
1086 4 0.04
1087 4 0.04
1088 4 0.03
1089 4 0.03
1090 4 0.05
1091 4 0.03
1092 4 0.03
1093 4 0.05
1094 4 0.03
1095 4 0.03
1096 4 0.05
1097 4 0.03
1098 4 0.05
1099 4 0.03
1100 4 0.03
1101 4 0.05
1102 4 0.03
1103 4 0.03
1104 4 0.05
1105 4 0.03
1106 4 0.03
1107 4 0.05
1108 4 0.03
1109 4 0.04
1110 4 0.04
1111 4 0.03
1112 4 0.04
1113 4 0.04
1114 4 0.03
1115 4 0.04
1116 4 0.03
1117 4 0.05
1118 4 0.03
1119 4 0.03
1120 4 0.05
1121 4 0.03
1122 4 0.03
1123 4 0.05
1124 4 0.03
1125 4 0.05
1126 4 0.03
1127 4 0.05
1128 4 0.03
1129 4 0.03
1130 4 0.05
1131 4 0.03
1132 4 0.04
1133 4 0.04
1134 4 0.04
1135 4 0.03
1136 4 0.03
1137 4 0.05
1138 4 0.03
1139 4 0.05
1140 4 0.03
1141 4 0.05
1142 4 0.03
1143 4 0.03
1144 4 0.05
1145 4 0.03
1146 4 0.05
1147 4 0.03
1148 4 0.04
1149 4 0.03
1150 4 0.05
1151 4 0.03
1152 4 0.03
1153 4 0.05
1154 4 0.03
1155 4 0.05
1156 4 0.03
1157 4 0.05
1158 4 0.03
1159 4 0.05
1160 4 0.03
1161 4 0.04
1162 4 0.03
1163 4 0.05
1164 4 0.03
1165 4 0.05
1166 4 0.03
1167 4 0.05
1168 4 0.03
1169 4 0.05
1170 4 0.03
1171 4 0.04
1172 4 0.04
1173 4 0.04
1174 4 0.03
1175 4 0.05
1176 4 0.03
1177 4 0.05
1178 4 0.03
1179 4 0.05
1180 4 0.03
1181 4 0.04
1182 4 0.05
1183 4 0.03
1184 4 0.05
1185 4 0.03
1186 4 0.05
1187 4 0.03
1188 4 0.05
1189 4 0.03
1190 4 0.04
1191 4 0.05
1192 4 0.03
1193 4 0.05
1194 4 0.03
1195 4 0.05
1196 4 0.03
1197 4 0.05
1198 4 0.04
1199 4 0.03
1200 4 0.05
1201 4 0.03
1202 4 0.05
1203 4 0.03
1204 4 0.05
1205 4 0.04
1206 4 0.03
1207 4 0.05
1208 4 0.03
1209 4 0.05
1210 4 0.03
1211 4 0.05
1212 4 0.04
1213 4 0.04
1214 4 0.04
1215 4 0.03
1216 4 0.05
1217 4 0.03
1218 4 0.05
1219 4 0.05
1220 4 0.03
1221 4 0.04
1222 4 0.04
1223 4 0.04
1224 4 0.05
1225 4 0.03
1226 4 0.05
1227 4 0.04
1228 4 0.04
1229 4 0.04
1230 4 0.05
1231 4 0.03
1232 4 0.05
1233 4 0.04
1234 4 0.04
1235 4 0.04
1236 4 0.05
1237 4 0.03
1238 4 0.05
1239 4 0.04
1240 4 0.04
1241 4 0.04
1242 4 0.05
1243 4 0.03
1244 4 0.05
1245 4 0.04
1246 4 0.05
1247 4 0.03
1248 4 0.05
1249 4 0.05
1250 4 0.03
1251 4 0.04
1252 4 0.05
1253 4 0.03
1254 4 0.05
1255 4 0.05
1256 4 0.03
1257 4 0.04
1258 4 0.05
1259 4 0.03
1260 4 0.05
1261 4 0.05
1262 4 0.03
1263 4 0.04
1264 4 0.05
1265 4 0.03
1266 4 0.05
1267 4 0.05
1268 4 0.04
1269 4 0.03
1270 4 0.05
1271 4 0.05
1272 4 0.03
1273 4 0.05
1274 4 0.04
1275 4 0.05
1276 4 0.03
1277 4 0.05
1278 4 0.04
1279 4 0.05
1280 4 0.03
1281 4 0.05
1282 4 0.05
1283 4 0.03
1284 4 0.04
1285 4 0.05
1286 4 0.05
1287 4 0.03
1288 4 0.05
1289 4 0.04
1290 4 0.05
1291 4 0.03
1292 4 0.05
1293 4 0.05
1294 4 0.03
1295 4 0.04
1296 4 0.05
1297 4 0.05
1298 4 0.03
1299 4 0.05
1300 4 0.04
1301 4 0.05
1302 4 0.03
1303 4 0.05
1304 4 0.04
1305 4 0.05
1306 4 0.05
1307 4 0.03
1308 4 0.05
1309 4 0.04
1310 4 0.05
1311 4 0.03
1312 4 0.05
1313 4 0.04
1314 4 0.05
1315 4 0.05
1316 4 0.03
1317 4 0.05
1318 4 0.04
1319 4 0.05
1320 4 0.05
1321 4 0.03
1322 4 0.05
1323 4 0.04
1324 4 0.05
1325 4 0.05
1326 4 0.04
1327 4 0.03
1328 4 0.05
1329 4 0.05
1330 4 0.04
1331 4 0.05
1332 4 0.03
1333 4 0.05
1334 4 0.05
1335 4 0.04
1336 4 0.05
1337 4 0.05
1338 4 0.03
1339 4 0.05
1340 4 0.04
1341 4 0.05
1342 4 0.05
1343 4 0.04
1344 4 0.03
1345 4 0.05
1346 4 0.05
1347 4 0.04
1348 4 0.05
1349 4 0.05
1350 4 0.05
1351 4 0.03
1352 4 0.04
1353 4 0.05
1354 4 0.05
1355 4 0.04
1356 4 0.05
1357 4 0.05
1358 4 0.04
1359 4 0.04
1360 4 0.04
1361 4 0.05
1362 4 0.05
1363 4 0.04
1364 4 0.05
1365 4 0.05
1366 4 0.04
1367 4 0.05
1368 4 0.03
1369 4 0.05
1370 4 0.05
1371 4 0.04
1372 4 0.05
1373 4 0.05
1374 4 0.04
1375 4 0.05
1376 4 0.05
1377 4 0.04
1378 4 0.05
1379 4 0.05
1380 4 0.03
1381 4 0.05
1382 4 0.04
1383 4 0.05
1384 4 0.05
1385 4 0.04
1386 4 0.05
1387 4 0.05
1388 4 0.04
1389 4 0.05
1390 4 0.05
1391 4 0.04
1392 4 0.05
1393 4 0.05
1394 4 0.05
1395 4 0.04
1396 4 0.03
1397 4 0.03
1398 4 0.05
1399 4 0.04
1400 4 0.05
1401 4 0.05
1402 4 0.04
1403 4 0.05
1404 4 0.05
1405 4 0.05
1406 4 0.04
1407 4 0.05
1408 4 0.05
1409 4 0.04
1410 4 0.05
1411 4 0.05
1412 4 0.04
1413 4 0.05
1414 4 0.05
1415 4 0.04
1416 4 0.05
1417 4 0.05
1418 4 0.04
1419 4 0.07
1420 4 0.04
1421 4 0.05
1422 4 0.05
1423 4 0.04
1424 4 0.05
1425 4 0.05
1426 4 0.05
1427 4 0.04
1428 4 0.05
1429 4 0.05
1430 4 0.04
1431 4 0.05
1432 4 0.05
1433 4 0.04
1434 4 0.05
1435 4 0.05
1436 4 0.04
1437 4 0.05
1438 4 0.05
1439 4 0.04
1440 4 0.05
1441 4 0.05
1442 4 0.06
1443 4 0.05
1444 4 0.04
1445 4 0.05
1446 4 0.05
1447 4 0.05
1448 4 0.04
1449 4 0.05
1450 4 0.05
1451 4 0.04
1452 4 0.05
1453 4 0.05
1454 4 0.04
1455 4 0.07
1456 4 0.04
1457 4 0.05
1458 4 0.05
1459 4 0.04
1460 4 0.05
1461 4 0.05
1462 4 0.04
1463 4 0.05
1464 4 0.05
1465 4 0.04
1466 4 0.07
1467 4 0.04
1468 4 0.05
1469 4 0.05
1470 4 0.04
1471 4 0.05
1472 4 0.05
1473 4 0.05
1474 4 0.04
1475 4 0.06
1476 4 0.05
1477 4 0.05
1478 4 0.05
1479 4 0.04
1480 4 0.05
1481 4 0.05
1482 4 0.04
1483 4 0.07
1484 4 0.04
1485 4 0.05
1486 4 0.05
1487 4 0.04
1488 4 0.05
1489 4 0.05
1490 4 0.04
1491 4 0.07
1492 4 0.04
1493 4 0.05
1494 4 0.05
1495 4 0.04
1496 4 0.07
1497 4 0.04
1498 4 0.05
1499 4 0.05
1500 4 0.04
1501 4 0.05
1502 4 0.06
1503 4 0.05
1504 4 0.05
1505 4 0.04
1506 4 0.05
1507 4 0.05
1508 4 0.06
1509 4 0.05
1510 4 0.04
1511 4 0.05
1512 4 0.05
1513 4 0.06
1514 4 0.05
1515 4 0.04
1516 4 0.05
1517 4 0.05
1518 4 0.06
1519 4 0.05
1520 4 0.04
1521 4 0.07
1522 4 0.04
1523 4 0.05
1524 4 0.05
1525 4 0.06
1526 4 0.05
1527 4 0.04
1528 4 0.05
1529 4 0.05
1530 4 0.06
1531 4 0.05
1532 4 0.04
1533 4 0.07
1534 4 0.04
1535 4 0.05
1536 4 0.06
1537 4 0.05
1538 4 0.05
1539 4 0.04
1540 4 0.06
1541 4 0.05
1542 4 0.05
1543 4 0.05
1544 4 0.06
1545 4 0.04
1546 4 0.05
1547 4 0.06
1548 4 0.05
1549 4 0.05
1550 4 0.04
1551 4 0.07
1552 4 0.04
1553 4 0.05
1554 4 0.06
1555 4 0.05
1556 4 0.05
1557 4 0.04
1558 4 0.07
1559 4 0.04
1560 4 0.05
1561 4 0.05
1562 4 0.06
1563 4 0.05
1564 4 0.04
1565 4 0.07
1566 4 0.04
1567 4 0.05
1568 4 0.06
1569 4 0.05
1570 4 0.05
1571 4 0.06
1572 4 0.05
1573 4 0.04
1574 4 0.06
1575 4 0.05
1576 4 0.05
1577 4 0.06
1578 4 0.05
1579 4 0.04
1580 4 0.07
1581 4 0.04
1582 4 0.05
1583 4 0.06
1584 4 0.05
1585 4 0.05
1586 4 0.06
1587 4 0.05
1588 4 0.04
1589 4 0.07
1590 4 0.04
1591 4 0.05
1592 4 0.06
1593 4 0.05
1594 4 0.06
1595 4 0.05
1596 4 0.05
1597 4 0.06
1598 4 0.04
1599 4 0.07
1600 4 0.04
1601 4 0.07
1602 4 0.04
1603 4 0.07
1604 4 0.04
1605 4 0.05
1606 4 0.06
1607 4 0.05
1608 4 0.06
1609 4 0.05
1610 4 0.05
1611 4 0.06
1612 4 0.04
1613 4 0.07
1614 4 0.04
1615 4 0.07
1616 4 0.04
1617 4 0.07
1618 4 0.04
1619 4 0.07
1620 4 0.04
1621 4 0.06
1622 4 0.05
1623 4 0.05
1624 4 0.06
1625 4 0.05
1626 4 0.06
1627 4 0.05
1628 4 0.06
1629 4 0.05
1630 4 0.06
1631 4 0.05
1632 4 0.04
1633 4 0.07
1634 4 0.04
1635 4 0.06
1636 4 0.05
1637 4 0.06
1638 4 0.05
1639 4 0.06
1640 4 0.05
1641 4 0.06
1642 4 0.05
1643 4 0.05
1644 4 0.06
1645 4 0.05
1646 4 0.06
1647 4 0.05
1648 4 0.06
1649 4 0.04
1650 4 0.07
1651 4 0.04
1652 4 0.07
1653 4 0.04
1654 4 0.07
1655 4 0.04
1656 4 0.07
1657 4 0.04
1658 4 0.06
1659 4 0.05
1660 4 0.06
1661 4 0.05
1662 4 0.06
1663 4 0.05
1664 4 0.06
1665 4 0.05
1666 4 0.06
1667 4 0.05
1668 4 0.06
1669 4 0.05
1670 4 0.06
1671 4 0.05
1672 4 0.06
1673 4 0.05
1674 4 0.06
1675 4 0.05
1676 4 0.06
1677 4 0.06
1678 4 0.05
1679 4 0.06
1680 4 0.05
1681 4 0.06
1682 4 0.05
1683 4 0.06
1684 4 0.05
1685 4 0.06
1686 4 0.06
1687 4 0.05
1688 4 0.06
1689 4 0.05
1690 4 0.06
1691 4 0.05
1692 4 0.06
1693 4 0.05
1694 4 0.06
1695 4 0.06
1696 4 0.05
1697 4 0.06
1698 4 0.05
1699 4 0.06
1700 4 0.05
1701 4 0.06
1702 4 0.06
1703 4 0.05
1704 4 0.06
1705 4 0.05
1706 4 0.06
1707 4 0.06
1708 4 0.05
1709 4 0.06
1710 4 0.05
1711 4 0.06
1712 4 0.05
1713 4 0.06
1714 4 0.06
1715 4 0.05
1716 4 0.06
1717 4 0.05
1718 4 0.06
1719 4 0.07
1720 4 0.04
1721 4 0.06
1722 4 0.07
1723 4 0.04
1724 4 0.07
1725 4 0.06
1726 4 0.05
1727 4 0.06
1728 4 0.05
1729 4 0.06
1730 4 0.06
1731 4 0.05
1732 4 0.06
1733 4 0.05
1734 4 0.06
1735 4 0.06
1736 4 0.05
1737 4 0.06
1738 4 0.06
1739 4 0.05
1740 4 0.06
1741 4 0.07
1742 4 0.04
1743 4 0.06
1744 4 0.07
1745 4 0.04
1746 4 0.07
1747 4 0.06
1748 4 0.05
1749 4 0.06
1750 4 0.06
1751 4 0.05
1752 4 0.06
1753 4 0.06
1754 4 0.07
1755 4 0.04
1756 4 0.06
1757 4 0.07
1758 4 0.04
1759 4 0.07
1760 4 0.06
1761 4 0.05
1762 4 0.06
1763 4 0.06
1764 4 0.06
1765 4 0.05
1766 4 0.06
1767 4 0.07
1768 4 0.04
1769 4 0.06
1770 4 0.07
1771 4 0.06
1772 4 0.05
1773 4 0.06
1774 4 0.06
1775 4 0.06
1776 4 0.05
1777 4 0.06
1778 4 0.07
1779 4 0.06
1780 4 0.05
1781 4 0.06
1782 4 0.06
1783 4 0.06
1784 4 0.05
1785 4 0.06
1786 4 0.06
1787 4 0.07
1788 4 0.06
1789 4 0.05
1790 4 0.06
1791 4 0.06
1792 4 0.06
1793 4 0.05
1794 4 0.06
1795 4 0.07
1796 4 0.06
1797 4 0.06
1798 4 0.06
1799 4 0.07
1800 4 0.06
1801 4 0.06
1802 4 0.05
1803 4 0.06
1804 4 0.06
1805 4 0.07
1806 4 0.06
1807 4 0.06
1808 4 0.06
1809 4 0.07
1810 4 0.04
1811 4 0.06
1812 4 0.07
1813 4 0.06
1814 4 0.06
1815 4 0.06
1816 4 0.05
1817 4 0.06
1818 4 0.07
1819 4 0.06
1820 4 0.06
1821 4 0.05
1822 4 0.06
1823 4 0.06
1824 4 0.07
1825 4 0.06
1826 4 0.06
1827 4 0.06
1828 4 0.07
1829 4 0.04
1830 4 0.07
1831 4 0.06
1832 4 0.06
1833 4 0.06
1834 4 0.07
1835 4 0.06
1836 4 0.04
1837 4 0.08
1838 4 0.05
1839 4 0.06
1840 4 0.06
1841 4 0.07
1842 4 0.06
1843 4 0.06
1844 4 0.06
1845 4 0.07
1846 4 0.06
1847 4 0.06
1848 4 0.06
1849 4 0.07
1850 4 0.06
1851 4 0.06
1852 4 0.06
1853 4 0.07
1854 4 0.06
1855 4 0.06
1856 4 0.06
1857 4 0.07
1858 4 0.06
1859 4 0.06
1860 4 0.06
1861 4 0.07
1862 4 0.06
1863 4 0.05
1864 4 0.06
1865 4 0.06
1866 4 0.06
1867 4 0.07
1868 4 0.06
1869 4 0.05
1870 4 0.06
1871 4 0.06
1872 4 0.08
1873 4 0.06
1874 4 0.06
1875 4 0.07
1876 4 0.06
1877 4 0.06
1878 4 0.06
1879 4 0.07
1880 4 0.06
1881 4 0.06
1882 4 0.06
1883 4 0.07
1884 4 0.06
1885 4 0.08
1886 4 0.06
1887 4 0.06
1888 4 0.06
1889 4 0.07
1890 4 0.06
1891 4 0.06
1892 4 0.06
1893 4 0.07
1894 4 0.06
1895 4 0.06
1896 4 0.06
1897 4 0.07
1898 4 0.06
1899 4 0.06
1900 4 0.06
1901 4 0.08
1902 4 0.07
1903 4 0.06
1904 4 0.06
1905 4 0.06
1906 4 0.07
1907 4 0.06
1908 4 0.08
1909 4 0.06
1910 4 0.06
1911 4 0.06
1912 4 0.07
1913 4 0.06
1914 4 0.06
1915 4 0.06
1916 4 0.07
1917 4 0.06
1918 4 0.06
1919 4 0.06
1920 4 0.08
1921 4 0.06
1922 4 0.07
1923 4 0.06
1924 4 0.06
1925 4 0.06
1926 4 0.07
1927 4 0.06
1928 4 0.06
1929 4 0.06
1930 4 0.07
1931 4 0.06
1932 4 0.06
1933 4 0.06
1934 4 0.08
1935 4 0.06
1936 4 0.07
1937 4 0.06
1938 4 0.06
1939 4 0.06
1940 4 0.07
1941 4 0.06
1942 4 0.06
1943 4 0.06
1944 4 0.07
1945 4 0.08
1946 4 0.06
1947 4 0.06
1948 4 0.06
1949 4 0.07
1950 4 0.06
1951 4 0.06
1952 4 0.06
1953 4 0.08
1954 4 0.06
1955 4 0.07
1956 4 0.06
1957 4 0.06
1958 4 0.06
1959 4 0.07
1960 4 0.06
1961 4 0.08
1962 4 0.06
1963 4 0.06
1964 4 0.06
1965 4 0.07
1966 4 0.06
1967 4 0.06
1968 4 0.08
1969 4 0.06
1970 4 0.06
1971 4 0.07
1972 4 0.08
1973 4 0.06
1974 4 0.06
1975 4 0.06
1976 4 0.08
1977 4 0.06
1978 4 0.07
1979 4 0.06
1980 4 0.06
1981 4 0.08
1982 4 0.06
1983 4 0.06
1984 4 0.07
1985 4 0.06
1986 4 0.06
1987 4 0.08
1988 4 0.06
1989 4 0.06
1990 4 0.07
1991 4 0.06
1992 4 0.06
1993 4 0.08
1994 4 0.06
1995 4 0.07
1996 4 0.06
1997 4 0.06
1998 4 0.08
1999 4 0.06
2000 4 0.06
2001 4 0.07
2002 4 0.07
2003 4 0.07
2004 4 0.06
2005 4 0.06
2006 4 0.06
2007 4 0.08
2008 4 0.06
2009 4 0.07
2010 4 0.08
2011 4 0.06
2012 4 0.06
2013 4 0.06
2014 4 0.08
2015 4 0.06
2016 4 0.07
2017 4 0.06
2018 4 0.08
2019 4 0.06
2020 4 0.06
2021 4 0.06
2022 4 0.08
2023 4 0.06
2024 4 0.07
2025 4 0.06
2026 4 0.08
2027 4 0.06
2028 4 0.06
2029 4 0.07
2030 4 0.07
2031 4 0.07
2032 4 0.06
2033 4 0.06
2034 4 0.08
2035 4 0.06
2036 4 0.06
2037 4 0.08
2038 4 0.06
2039 4 0.07
2040 4 0.08
2041 4 0.06
2042 4 0.06
2043 4 0.06
2044 4 0.08
2045 4 0.06
2046 4 0.07
2047 4 0.06
2048 4 0.08
2049 4 0.06
2050 4 0.06
2051 4 0.08
2052 4 0.06
2053 4 0.06
2054 4 0.08
2055 4 0.07
2056 4 0.06
2057 4 0.08
2058 4 0.06
2059 4 0.06
2060 4 0.08
2061 4 0.06
2062 4 0.06
2063 4 0.08
2064 4 0.06
2065 4 0.07
2066 4 0.08
2067 4 0.06
2068 4 0.06
2069 4 0.08
2070 4 0.06
2071 4 0.08
2072 4 0.06
2073 4 0.08
2074 4 0.06
2075 4 0.06
2076 4 0.08
2077 4 0.07
2078 4 0.07
2079 4 0.07
2080 4 0.06
2081 4 0.08
2082 4 0.06
2083 4 0.06
2084 4 0.08
2085 4 0.06
2086 4 0.08
2087 4 0.06
2088 4 0.07
2089 4 0.07
2090 4 0.07
2091 4 0.06
2092 4 0.08
2093 4 0.06
2094 4 0.06
2095 4 0.08
2096 4 0.06
2097 4 0.08
2098 4 0.06
2099 4 0.07
2100 4 0.07
2101 4 0.07
2102 4 0.07
2103 4 0.07
2104 4 0.07
2105 4 0.07
2106 4 0.08
2107 4 0.06
2108 4 0.06
2109 4 0.08
2110 4 0.06
2111 4 0.08
2112 4 0.06
2113 4 0.08
2114 4 0.06
2115 4 0.06
2116 4 0.08
2117 4 0.07
2118 4 0.07
2119 4 0.07
2120 4 0.07
2121 4 0.07
2122 4 0.06
2123 4 0.08
2124 4 0.06
2125 4 0.08
2126 4 0.08
2127 4 0.06
2128 4 0.08
2129 4 0.06
2130 4 0.08
2131 4 0.06
2132 4 0.08
2133 4 0.08
2134 4 0.06
2135 4 0.08
2136 4 0.06
2137 4 0.08
2138 4 0.06
2139 4 0.08
2140 4 0.06
2141 4 0.08
2142 4 0.06
2143 4 0.08
2144 4 0.06
2145 4 0.08
2146 4 0.06
2147 4 0.08
2148 4 0.06
2149 4 0.08
2150 4 0.06
2151 4 0.08
2152 4 0.06
2153 4 0.08
2154 4 0.06
2155 4 0.08
2156 4 0.08
2157 4 0.06
2158 4 0.08
2159 4 0.06
2160 4 0.08
2161 4 0.06
2162 4 0.08
2163 4 0.07
2164 4 0.07
2165 4 0.07
2166 4 0.07
2167 4 0.07
2168 4 0.07
2169 4 0.08
2170 4 0.07
2171 4 0.07
2172 4 0.07
2173 4 0.07
2174 4 0.07
2175 4 0.07
2176 4 0.08
2177 4 0.07
2178 4 0.07
2179 4 0.07
2180 4 0.07
2181 4 0.07
2182 4 0.07
2183 4 0.08
2184 4 0.07
2185 4 0.07
2186 4 0.08
2187 4 0.06
2188 4 0.08
2189 4 0.06
2190 4 0.08
2191 4 0.08
2192 4 0.06
2193 4 0.08
2194 4 0.08
2195 4 0.06
2196 4 0.08
2197 4 0.08
2198 4 0.06
2199 4 0.08
2200 4 0.06
2201 4 0.08
2202 4 0.08
2203 4 0.06
2204 4 0.08
2205 4 0.08
2206 4 0.06
2207 4 0.08
2208 4 0.06
2209 4 0.08
2210 4 0.08
2211 4 0.06
2212 4 0.08
2213 4 0.07
2214 4 0.07
2215 4 0.08
2216 4 0.07
2217 4 0.07
2218 4 0.07
2219 4 0.07
2220 4 0.07
2221 4 0.08
2222 4 0.07
2223 4 0.07
2224 4 0.08
2225 4 0.06
2226 4 0.08
2227 4 0.08
2228 4 0.06
2229 4 0.08
2230 4 0.08
2231 4 0.06
2232 4 0.08
2233 4 0.08
2234 4 0.08
2235 4 0.06
2236 4 0.08
2237 4 0.07
2238 4 0.07
2239 4 0.08
2240 4 0.07
2241 4 0.08
2242 4 0.06
2243 4 0.08
2244 4 0.08
2245 4 0.06
2246 4 0.08
2247 4 0.08
2248 4 0.08
2249 4 0.06
2250 4 0.08
2251 4 0.08
2252 4 0.06
2253 4 0.08
2254 4 0.07
2255 4 0.08
2256 4 0.08
2257 4 0.06
2258 4 0.08
2259 4 0.08
2260 4 0.08
2261 4 0.06
2262 4 0.08
2263 4 0.08
2264 4 0.07
2265 4 0.07
2266 4 0.08
2267 4 0.07
2268 4 0.08
2269 4 0.06
2270 4 0.08
2271 4 0.08
2272 4 0.08
2273 4 0.08
2274 4 0.07
2275 4 0.08
2276 4 0.07
2277 4 0.07
2278 4 0.08
2279 4 0.08
2280 4 0.08
2281 4 0.06
2282 4 0.08
2283 4 0.08
2284 4 0.07
2285 4 0.08
2286 4 0.08
2287 4 0.08
2288 4 0.08
2289 4 0.06
2290 4 0.08
2291 4 0.08
2292 4 0.07
2293 4 0.08
2294 4 0.08
2295 4 0.08
2296 4 0.08
2297 4 0.06
2298 4 0.08
2299 4 0.08
2300 4 0.07
2301 4 0.08
2302 4 0.08
2303 4 0.06
2304 4 0.08
2305 4 0.08
2306 4 0.08
2307 4 0.07
2308 4 0.08
2309 4 0.08
2310 4 0.08
2311 4 0.06
2312 4 0.08
2313 4 0.08
2314 4 0.08
2315 4 0.07
2316 4 0.08
2317 4 0.08
2318 4 0.08
2319 4 0.06
2320 4 0.08
2321 4 0.08
2322 4 0.08
2323 4 0.07
2324 4 0.08
2325 4 0.08
2326 4 0.06
2327 4 0.08
2328 4 0.08
2329 4 0.08
2330 4 0.07
2331 4 0.08
2332 4 0.08
2333 4 0.06
2334 4 0.08
2335 4 0.08
2336 4 0.08
2337 4 0.08
2338 4 0.07
2339 4 0.08
2340 4 0.08
2341 4 0.08
2342 4 0.08
2343 4 0.06
2344 4 0.08
2345 4 0.08
2346 4 0.07
2347 4 0.08
2348 4 0.08
2349 4 0.08
2350 4 0.08
2351 4 0.07
2352 4 0.08
2353 4 0.08
2354 4 0.08
2355 4 0.08
2356 4 0.07
2357 4 0.08
2358 4 0.08
2359 4 0.08
2360 4 0.08
2361 4 0.08
2362 4 0.07
2363 4 0.08
2364 4 0.08
2365 4 0.08
2366 4 0.08
2367 4 0.07
2368 4 0.08
2369 4 0.06
2370 4 0.1
2371 4 0.08
2372 4 0.07
2373 4 0.08
2374 4 0.08
2375 4 0.08
2376 4 0.08
2377 4 0.08
2378 4 0.07
2379 4 0.08
2380 4 0.08
2381 4 0.08
2382 4 0.08
2383 4 0.07
2384 4 0.08
2385 4 0.06
2386 4 0.07
2387 4 0.08
2388 4 0.07
2389 4 0.08
2390 4 0.08
2391 4 0.08
2392 4 0.08
2393 4 0.07
2394 4 0.08
2395 4 0.08
2396 4 0.09
2397 4 0.08
2398 4 0.08
2399 4 0.08
2400 4 0.08
2401 4 0.07
2402 4 0.08
2403 4 0.08
2404 4 0.08
2405 4 0.08
2406 4 0.08
2407 4 0.07
2408 4 0.08
2409 4 0.08
2410 4 0.08
2411 4 0.08
2412 4 0.07
2413 4 0.08
2414 4 0.08
2415 4 0.08
2416 4 0.08
2417 4 0.07
2418 4 0.1
2419 4 0.08
2420 4 0.07
2421 4 0.08
2422 4 0.08
2423 4 0.08
2424 4 0.09
2425 4 0.08
2426 4 0.08
2427 4 0.08
2428 4 0.08
2429 4 0.07
2430 4 0.08
2431 4 0.08
2432 4 0.08
2433 4 0.08
2434 4 0.07
2435 4 0.08
2436 4 0.1
2437 4 0.07
2438 4 0.08
2439 4 0.08
2440 4 0.08
2441 4 0.08
2442 4 0.07
2443 4 0.08
2444 4 0.1
2445 4 0.07
2446 4 0.08
2447 4 0.08
2448 4 0.08
2449 4 0.08
2450 4 0.08
2451 4 0.09
2452 4 0.08
2453 4 0.08
2454 4 0.07
2455 4 0.08
2456 4 0.08
2457 4 0.08
2458 4 0.09
2459 4 0.08
2460 4 0.08
2461 4 0.08
2462 4 0.07
2463 4 0.08
2464 4 0.1
2465 4 0.07
2466 4 0.08
2467 4 0.08
2468 4 0.08
2469 4 0.08
2470 4 0.09
2471 4 0.08
2472 4 0.08
2473 4 0.07
2474 4 0.08
2475 4 0.08
2476 4 0.09
2477 4 0.08
2478 4 0.08
2479 4 0.08
2480 4 0.08
2481 4 0.09
2482 4 0.08
2483 4 0.08
2484 4 0.08
2485 4 0.07
2486 4 0.1
2487 4 0.08
2488 4 0.07
2489 4 0.08
2490 4 0.08
2491 4 0.08
2492 4 0.08
2493 4 0.07
2494 4 0.1
2495 4 0.08
2496 4 0.07
2497 4 0.08
2498 4 0.1
2499 4 0.07
2500 4 0.08
2501 4 0.08
2502 4 0.09
2503 4 0.08
2504 4 0.08
2505 4 0.08
2506 4 0.09
2507 4 0.08
2508 4 0.08
2509 4 0.08
2510 4 0.09
2511 4 0.08
2512 4 0.08
2513 4 0.09
2514 4 0.08
2515 4 0.08
2516 4 0.07
2517 4 0.1
2518 4 0.08
2519 4 0.07
2520 4 0.1
2521 4 0.08
2522 4 0.07
2523 4 0.1
2524 4 0.08
2525 4 0.07
2526 4 0.08
2527 4 0.1
2528 4 0.07
2529 4 0.08
2530 4 0.1
2531 4 0.07
2532 4 0.08
2533 4 0.1
2534 4 0.07
2535 4 0.1
2536 4 0.08
2537 4 0.07
2538 4 0.1
2539 4 0.08
2540 4 0.07
2541 4 0.1
2542 4 0.08
2543 4 0.07
2544 4 0.1
2545 4 0.08
2546 4 0.09
2547 4 0.08
2548 4 0.08
2549 4 0.09
2550 4 0.08
2551 4 0.09
2552 4 0.08
2553 4 0.08
2554 4 0.09
2555 4 0.08
2556 4 0.08
2557 4 0.09
2558 4 0.08
2559 4 0.08
2560 4 0.09
2561 4 0.08
2562 4 0.08
2563 4 0.08
2564 4 0.08
2565 4 0.09
2566 4 0.08
2567 4 0.08
2568 4 0.09
2569 4 0.08
2570 4 0.08
2571 4 0.09
2572 4 0.08
2573 4 0.1
2574 4 0.07
2575 4 0.08
2576 4 0.1
2577 4 0.07
2578 4 0.08
2579 4 0.1
2580 4 0.07
2581 4 0.08
2582 4 0.1
2583 4 0.07
2584 4 0.1
2585 4 0.08
2586 4 0.07
2587 4 0.1
2588 4 0.08
2589 4 0.09
2590 4 0.08
2591 4 0.09
2592 4 0.08
2593 4 0.08
2594 4 0.09
2595 4 0.08
2596 4 0.09
2597 4 0.08
2598 4 0.08
2599 4 0.09
2600 4 0.08
2601 4 0.1
2602 4 0.07
2603 4 0.1
2604 4 0.08
2605 4 0.09
2606 4 0.08
2607 4 0.08
2608 4 0.09
2609 4 0.08
2610 4 0.09
2611 4 0.08
2612 4 0.09
2613 4 0.08
2614 4 0.09
2615 4 0.08
2616 4 0.08
2617 4 0.09
2618 4 0.1
2619 4 0.08
2620 4 0.07
2621 4 0.1
2622 4 0.08
2623 4 0.09
2624 4 0.08
2625 4 0.09
2626 4 0.08
2627 4 0.09
2628 4 0.08
2629 4 0.1
2630 4 0.07
2631 4 0.1
2632 4 0.08
2633 4 0.09
2634 4 0.08
2635 4 0.09
2636 4 0.08
2637 4 0.09
2638 4 0.08
2639 4 0.1
2640 4 0.07
2641 4 0.1
2642 4 0.08
2643 4 0.09
2644 4 0.09
2645 4 0.08
2646 4 0.09
2647 4 0.08
2648 4 0.1
2649 4 0.07
2650 4 0.1
2651 4 0.09
2652 4 0.08
2653 4 0.09
2654 4 0.08
2655 4 0.1
2656 4 0.07
2657 4 0.1
2658 4 0.09
2659 4 0.08
2660 4 0.09
2661 4 0.08
2662 4 0.1
2663 4 0.09
2664 4 0.08
2665 4 0.09
2666 4 0.08
2667 4 0.09
2668 4 0.1
2669 4 0.09
2670 4 0.08
2671 4 0.09
2672 4 0.1
2673 4 0.07
2674 4 0.1
2675 4 0.09
2676 4 0.08
2677 4 0.09
2678 4 0.1
2679 4 0.08
2680 4 0.09
2681 4 0.08
2682 4 0.09
2683 4 0.08
2684 4 0.09
2685 4 0.1
2686 4 0.07
2687 4 0.1
2688 4 0.09
2689 4 0.08
2690 4 0.09
2691 4 0.08
2692 4 0.1
2693 4 0.09
2694 4 0.08
2695 4 0.09
2696 4 0.08
2697 4 0.09
2698 4 0.1
2699 4 0.08
2700 4 0.09
2701 4 0.09
2702 4 0.08
2703 4 0.09
2704 4 0.1
2705 4 0.08
2706 4 0.09
2707 4 0.09
2708 4 0.08
2709 4 0.1
2710 4 0.09
2711 4 0.08
2712 4 0.09
2713 4 0.1
2714 4 0.07
2715 4 0.1
2716 4 0.09
2717 4 0.09
2718 4 0.08
2719 4 0.1
2720 4 0.09
2721 4 0.08
2722 4 0.09
2723 4 0.1
2724 4 0.07
2725 4 0.1
2726 4 0.09
2727 4 0.1
2728 4 0.07
2729 4 0.1
2730 4 0.08
2731 4 0.09
2732 4 0.09
2733 4 0.08
2734 4 0.09
2735 4 0.1
2736 4 0.09
2737 4 0.08
2738 4 0.09
2739 4 0.1
2740 4 0.08
2741 4 0.09
2742 4 0.09
2743 4 0.1
2744 4 0.08
2745 4 0.09
2746 4 0.09
2747 4 0.08
2748 4 0.09
2749 4 0.1
2750 4 0.09
2751 4 0.1
2752 4 0.07
2753 4 0.1
2754 4 0.09
2755 4 0.1
2756 4 0.07
2757 4 0.1
2758 4 0.09
2759 4 0.09
2760 4 0.08
2761 4 0.1
2762 4 0.09
2763 4 0.09
2764 4 0.1
2765 4 0.08
2766 4 0.09
2767 4 0.09
2768 4 0.1
2769 4 0.09
2770 4 0.08
2771 4 0.09
2772 4 0.1
2773 4 0.09
2774 4 0.09
2775 4 0.1
2776 4 0.08
2777 4 0.09
2778 4 0.09
2779 4 0.1
2780 4 0.09
2781 4 0.09
2782 4 0.08
2783 4 0.1
2784 4 0.09
2785 4 0.09
2786 4 0.1
2787 4 0.09
2788 4 0.1
2789 4 0.09
2790 4 0.08
2791 4 0.09
2792 4 0.09
2793 4 0.1
2794 4 0.09
2795 4 0.1
2796 4 0.07
2797 4 0.1
2798 4 0.09
2799 4 0.1
2800 4 0.09
2801 4 0.09
2802 4 0.1
2803 4 0.07
2804 4 0.1
2805 4 0.09
2806 4 0.1
2807 4 0.09
2808 4 0.09
2809 4 0.1
2810 4 0.08
2811 4 0.09
2812 4 0.09
2813 4 0.1
2814 4 0.09
2815 4 0.09
2816 4 0.1
2817 4 0.09
2818 4 0.1
2819 4 0.09
2820 4 0.09
2821 4 0.1
2822 4 0.09
2823 4 0.09
2824 4 0.08
2825 4 0.1
2826 4 0.09
2827 4 0.09
2828 4 0.1
2829 4 0.09
2830 4 0.09
2831 4 0.1
2832 4 0.09
2833 4 0.1
2834 4 0.09
2835 4 0.08
2836 4 0.09
2837 4 0.1
2838 4 0.09
2839 4 0.09
2840 4 0.1
2841 4 0.09
2842 4 0.09
2843 4 0.1
2844 4 0.09
2845 4 0.1
2846 4 0.09
2847 4 0.09
2848 4 0.1
2849 4 0.09
2850 4 0.09
2851 4 0.1
2852 4 0.09
2853 4 0.1
2854 4 0.09
2855 4 0.09
2856 4 0.1
2857 4 0.09
2858 4 0.09
2859 4 0.1
2860 4 0.09
2861 4 0.1
2862 4 0.09
2863 4 0.09
2864 4 0.1
2865 4 0.09
2866 4 0.09
2867 4 0.1
2868 4 0.09
2869 4 0.1
2870 4 0.09
2871 4 0.09
2872 4 0.1
2873 4 0.09
2874 4 0.09
2875 4 0.1
2876 4 0.09
2877 4 0.1
2878 4 0.09
2879 4 0.09
2880 4 0.1
2881 4 0.09
2882 4 0.09
2883 4 0.1
2884 4 0.09
2885 4 0.1
2886 4 0.09
2887 4 0.09
2888 4 0.1
2889 4 0.09
2890 4 0.11
2891 4 0.09
2892 4 0.1
2893 4 0.09
2894 4 0.09
2895 4 0.1
2896 4 0.09
2897 4 0.11
2898 4 0.1
2899 4 0.09
2900 4 0.09
2901 4 0.1
2902 4 0.09
2903 4 0.09
2904 4 0.1
2905 4 0.09
2906 4 0.1
2907 4 0.09
2908 4 0.11
2909 4 0.09
2910 4 0.1
2911 4 0.09
2912 4 0.09
2913 4 0.1
2914 4 0.09
2915 4 0.09
2916 4 0.1
2917 4 0.09
2918 4 0.1
2919 4 0.11
2920 4 0.09
2921 4 0.09
2922 4 0.1
2923 4 0.09
2924 4 0.09
2925 4 0.1
2926 4 0.09
2927 4 0.11
2928 4 0.09
2929 4 0.1
2930 4 0.09
2931 4 0.1
2932 4 0.09
2933 4 0.09
2934 4 0.1
2935 4 0.09
2936 4 0.11
2937 4 0.09
2938 4 0.1
2939 4 0.09
2940 4 0.1
2941 4 0.09
2942 4 0.11
2943 4 0.09
2944 4 0.1
2945 4 0.09
2946 4 0.09
2947 4 0.1
2948 4 0.09
2949 4 0.11
2950 4 0.09
2951 4 0.1
2952 4 0.09
2953 4 0.1
2954 4 0.09
2955 4 0.11
2956 4 0.09
2957 4 0.1
2958 4 0.09
2959 4 0.09
2960 4 0.11
2961 4 0.1
2962 4 0.09
2963 4 0.09
2964 4 0.1
2965 4 0.11
2966 4 0.09
2967 4 0.09
2968 4 0.1
2969 4 0.11
2970 4 0.09
2971 4 0.1
2972 4 0.09
2973 4 0.09
2974 4 0.11
2975 4 0.1
2976 4 0.09
2977 4 0.09
2978 4 0.1
2979 4 0.09
2980 4 0.09
2981 4 0.11
2982 4 0.1
2983 4 0.09
2984 4 0.1
2985 4 0.1
2986 4 0.1
2987 4 0.09
2988 4 0.1
2989 4 0.09
2990 4 0.11
2991 4 0.09
2992 4 0.1
2993 4 0.09
2994 4 0.11
2995 4 0.09
2996 4 0.1
2997 4 0.09
2998 4 0.11
2999 4 0.09
3000 4 0.11
3001 4 0.1
3002 4 0.09
3003 4 0.09
3004 4 0.11
3005 4 0.1
3006 4 0.09
3007 4 0.11
3008 4 0.09
3009 4 0.1
3010 4 0.11
3011 4 0.09
3012 4 0.1
3013 4 0.1
3014 4 0.1
3015 4 0.09
3016 4 0.11
3017 4 0.1
3018 4 0.09
3019 4 0.09
3020 4 0.11
3021 4 0.1
3022 4 0.09
3023 4 0.11
3024 4 0.09
3025 4 0.1
3026 4 0.11
3027 4 0.09
3028 4 0.09
3029 4 0.11
3030 4 0.1
3031 4 0.09
3032 4 0.11
3033 4 0.09
3034 4 0.1
3035 4 0.11
3036 4 0.09
3037 4 0.09
3038 4 0.11
3039 4 0.1
3040 4 0.09
3041 4 0.11
3042 4 0.09
3043 4 0.1
3044 4 0.11
3045 4 0.09
3046 4 0.09
3047 4 0.11
3048 4 0.1
3049 4 0.11
3050 4 0.09
3051 4 0.09
3052 4 0.11
3053 4 0.1
3054 4 0.11
3055 4 0.09
3056 4 0.09
3057 4 0.11
3058 4 0.1
3059 4 0.09
3060 4 0.11
3061 4 0.09
3062 4 0.11
3063 4 0.1
3064 4 0.09
3065 4 0.11
3066 4 0.09
3067 4 0.11
3068 4 0.1
3069 4 0.09
3070 4 0.11
3071 4 0.09
3072 4 0.11
3073 4 0.1
3074 4 0.11
3075 4 0.09
3076 4 0.09
3077 4 0.11
3078 4 0.1
3079 4 0.11
3080 4 0.09
3081 4 0.11
3082 4 0.09
3083 4 0.1
3084 4 0.11
3085 4 0.09
3086 4 0.11
3087 4 0.09
3088 4 0.1
3089 4 0.11
3090 4 0.09
3091 4 0.11
3092 4 0.09
3093 4 0.11
3094 4 0.1
3095 4 0.11
3096 4 0.09
3097 4 0.09
3098 4 0.11
3099 4 0.1
3100 4 0.11
3101 4 0.11
3102 4 0.09
3103 4 0.11
3104 4 0.09
3105 4 0.11
3106 4 0.11
3107 4 0.1
3108 4 0.1
3109 4 0.1
3110 4 0.11
3111 4 0.09
3112 4 0.11
3113 4 0.09
3114 4 0.11
3115 4 0.1
3116 4 0.11
3117 4 0.09
3118 4 0.11
3119 4 0.09
3120 4 0.11
3121 4 0.1
3122 4 0.11
3123 4 0.09
3124 4 0.11
3125 4 0.09
3126 4 0.11
3127 4 0.1
3128 4 0.11
3129 4 0.09
3130 4 0.11
3131 4 0.11
3132 4 0.09
3133 4 0.11
3134 4 0.1
3135 4 0.1
3136 4 0.1
3137 4 0.11
3138 4 0.09
3139 4 0.11
3140 4 0.09
3141 4 0.11
3142 4 0.11
3143 4 0.1
3144 4 0.11
3145 4 0.09
3146 4 0.11
3147 4 0.09
3148 4 0.11
3149 4 0.11
3150 4 0.1
3151 4 0.11
3152 4 0.09
3153 4 0.11
3154 4 0.09
3155 4 0.11
3156 4 0.11
3157 4 0.09
3158 4 0.11
3159 4 0.1
3160 4 0.11
3161 4 0.11
3162 4 0.09
3163 4 0.11
3164 4 0.09
3165 4 0.11
3166 4 0.11
3167 4 0.1
3168 4 0.11
3169 4 0.1
3170 4 0.1
3171 4 0.11
3172 4 0.11
3173 4 0.09
3174 4 0.11
3175 4 0.09
3176 4 0.11
3177 4 0.11
3178 4 0.1
3179 4 0.11
3180 4 0.11
3181 4 0.09
3182 4 0.11
3183 4 0.09
3184 4 0.11
3185 4 0.11
3186 4 0.09
3187 4 0.11
3188 4 0.11
3189 4 0.1
3190 4 0.11
3191 4 0.11
3192 4 0.09
3193 4 0.11
3194 4 0.11
3195 4 0.09
3196 4 0.11
3197 4 0.11
3198 4 0.11
3199 4 0.09
3200 4 0.11
3201 4 0.11
3202 4 0.1
3203 4 0.11
3204 4 0.11
3205 4 0.1
3206 4 0.11
3207 4 0.1
3208 4 0.11
3209 4 0.11
3210 4 0.09
3211 4 0.11
3212 4 0.11
3213 4 0.11
3214 4 0.09
3215 4 0.11
3216 4 0.11
3217 4 0.09
3218 4 0.11
3219 4 0.11
3220 4 0.1
3221 4 0.11
3222 4 0.11
3223 4 0.11
3224 4 0.09
3225 4 0.11
3226 4 0.11
3227 4 0.11
3228 4 0.09
3229 4 0.11
3230 4 0.11
3231 4 0.11
3232 4 0.09
3233 4 0.11
3234 4 0.11
3235 4 0.11
3236 4 0.09
3237 4 0.11
3238 4 0.11
3239 4 0.11
3240 4 0.1
3241 4 0.11
3242 4 0.11
3243 4 0.1
3244 4 0.11
3245 4 0.1
3246 4 0.11
3247 4 0.11
3248 4 0.11
3249 4 0.09
3250 4 0.11
3251 4 0.11
3252 4 0.11
3253 4 0.09
3254 4 0.11
3255 4 0.11
3256 4 0.11
3257 4 0.11
3258 4 0.09
3259 4 0.1
3260 4 0.11
3261 4 0.11
3262 4 0.1
3263 4 0.11
3264 4 0.1
3265 4 0.11
3266 4 0.11
3267 4 0.11
3268 4 0.11
3269 4 0.1
3270 4 0.1
3271 4 0.11
3272 4 0.11
3273 4 0.11
3274 4 0.11
3275 4 0.09
3276 4 0.11
3277 4 0.11
3278 4 0.11
3279 4 0.11
3280 4 0.11
3281 4 0.09
3282 4 0.11
3283 4 0.11
3284 4 0.11
3285 4 0.11
3286 4 0.11
3287 4 0.09
3288 4 0.11
3289 4 0.11
3290 4 0.11
3291 4 0.11
3292 4 0.11
3293 4 0.11
3294 4 0.09
3295 4 0.11
3296 4 0.11
3297 4 0.11
3298 4 0.11
3299 4 0.11
3300 4 0.09
3301 4 0.11
3302 4 0.11
3303 4 0.11
3304 4 0.11
3305 4 0.11
3306 4 0.11
3307 4 0.11
3308 4 0.11
3309 4 0.11
3310 4 0.11
3311 4 0.1
3312 4 0.11
3313 4 0.11
3314 4 0.11
3315 4 0.11
3316 4 0.11
3317 4 0.11
3318 4 0.11
3319 4 0.11
3320 4 0.11
3321 4 0.11
3322 4 0.11
3323 4 0.11
3324 4 0.09
3325 4 0.11
3326 4 0.11
3327 4 0.11
3328 4 0.11
3329 4 0.11
3330 4 0.11
3331 4 0.11
3332 4 0.11
3333 4 0.11
3334 4 0.1
3335 4 0.11
3336 4 0.11
3337 4 0.11
3338 4 0.11
3339 4 0.11
3340 4 0.11
3341 4 0.11
3342 4 0.11
3343 4 0.11
3344 4 0.11
3345 4 0.09
3346 4 0.11
3347 4 0.11
3348 4 0.11
3349 4 0.11
3350 4 0.11
3351 4 0.11
3352 4 0.11
3353 4 0.11
3354 4 0.11
3355 4 0.11
3356 4 0.11
3357 4 0.1
3358 4 0.11
3359 4 0.11
3360 4 0.11
3361 4 0.11
3362 4 0.11
3363 4 0.11
3364 4 0.11
3365 4 0.11
3366 4 0.11
3367 4 0.11
3368 4 0.11
3369 4 0.11
3370 4 0.11
3371 4 0.12
3372 4 0.11
3373 4 0.11
3374 4 0.11
3375 4 0.11
3376 4 0.11
3377 4 0.11
3378 4 0.11
3379 4 0.11
3380 4 0.11
3381 4 0.11
3382 4 0.1
3383 4 0.11
3384 4 0.11
3385 4 0.11
3386 4 0.13
3387 4 0.11
3388 4 0.11
3389 4 0.11
3390 4 0.11
3391 4 0.1
3392 4 0.11
3393 4 0.11
3394 4 0.11
3395 4 0.11
3396 4 0.13
3397 4 0.11
3398 4 0.11
3399 4 0.11
3400 4 0.1
3401 4 0.13
3402 4 0.11
3403 4 0.11
3404 4 0.11
3405 4 0.11
3406 4 0.11
3407 4 0.11
3408 4 0.11
3409 4 0.1
3410 4 0.11
3411 4 0.11
3412 4 0.13
3413 4 0.11
3414 4 0.11
3415 4 0.11
3416 4 0.11
3417 4 0.11
3418 4 0.1
3419 4 0.13
3420 4 0.11
3421 4 0.11
3422 4 0.11
3423 4 0.11
3424 4 0.11
3425 4 0.11
3426 4 0.12
3427 4 0.11
3428 4 0.11
3429 4 0.11
3430 4 0.11
3431 4 0.11
3432 4 0.12
3433 4 0.11
3434 4 0.11
3435 4 0.11
3436 4 0.11
3437 4 0.11
3438 4 0.12
3439 4 0.11
3440 4 0.11
3441 4 0.11
3442 4 0.11
3443 4 0.13
3444 4 0.11
3445 4 0.11
3446 4 0.11
3447 4 0.1
3448 4 0.13
3449 4 0.11
3450 4 0.11
3451 4 0.11
3452 4 0.11
3453 4 0.12
3454 4 0.11
3455 4 0.11
3456 4 0.11
3457 4 0.11
3458 4 0.12
3459 4 0.11
3460 4 0.11
3461 4 0.11
3462 4 0.13
3463 4 0.11
3464 4 0.11
3465 4 0.11
3466 4 0.12
3467 4 0.11
3468 4 0.11
3469 4 0.11
3470 4 0.11
3471 4 0.12
3472 4 0.11
3473 4 0.11
3474 4 0.11
3475 4 0.13
3476 4 0.11
3477 4 0.11
3478 4 0.1
3479 4 0.13
3480 4 0.11
3481 4 0.11
3482 4 0.12
3483 4 0.11
3484 4 0.11
3485 4 0.11
3486 4 0.11
3487 4 0.13
3488 4 0.11
3489 4 0.12
3490 4 0.11
3491 4 0.11
3492 4 0.12
3493 4 0.11
3494 4 0.11
3495 4 0.13
3496 4 0.11
3497 4 0.12
3498 4 0.11
3499 4 0.13
3500 4 0.11
3501 4 0.11
3502 4 0.1
3503 4 0.13
3504 4 0.11
3505 4 0.11
3506 4 0.12
3507 4 0.11
3508 4 0.11
3509 4 0.13
3510 4 0.11
3511 4 0.11
3512 4 0.12
3513 4 0.11
3514 4 0.11
3515 4 0.12
3516 4 0.11
3517 4 0.11
3518 4 0.13
3519 4 0.11
3520 4 0.11
3521 4 0.12
3522 4 0.11
3523 4 0.11
3524 4 0.13
3525 4 0.11
3526 4 0.1
3527 4 0.13
3528 4 0.11
3529 4 0.11
3530 4 0.12
3531 4 0.11
3532 4 0.13
3533 4 0.11
3534 4 0.11
3535 4 0.12
3536 4 0.11
3537 4 0.11
3538 4 0.11
3539 4 0.12
3540 4 0.11
3541 4 0.13
3542 4 0.11
3543 4 0.11
3544 4 0.12
3545 4 0.11
3546 4 0.11
3547 4 0.13
3548 4 0.11
3549 4 0.12
3550 4 0.11
3551 4 0.11
3552 4 0.12
3553 4 0.11
3554 4 0.13
3555 4 0.11
3556 4 0.11
3557 4 0.12
3558 4 0.11
3559 4 0.11
3560 4 0.13
3561 4 0.11
3562 4 0.12
3563 4 0.11
3564 4 0.11
3565 4 0.12
3566 4 0.11
3567 4 0.13
3568 4 0.11
3569 4 0.12
3570 4 0.11
3571 4 0.11
3572 4 0.13
3573 4 0.11
3574 4 0.12
3575 4 0.11
3576 4 0.13
3577 4 0.11
3578 4 0.1
3579 4 0.13
3580 4 0.11
3581 4 0.12
3582 4 0.13
3583 4 0.11
3584 4 0.12
3585 4 0.11
3586 4 0.13
3587 4 0.11
3588 4 0.12
3589 4 0.13
3590 4 0.12
3591 4 0.11
3592 4 0.13
3593 4 0.11
3594 4 0.12
3595 4 0.11
3596 4 0.13
3597 4 0.1
3598 4 0.13
3599 4 0.11
3600 4 0.12
3601 4 0.13
3602 4 0.11
3603 4 0.11
3604 4 0.12
3605 4 0.13
3606 4 0.11
3607 4 0.12
3608 4 0.11
3609 4 0.13
3610 4 0.11
3611 4 0.12
3612 4 0.11
3613 4 0.13
3614 4 0.1
3615 4 0.13
3616 4 0.11
3617 4 0.12
3618 4 0.11
3619 4 0.13
3620 4 0.11
3621 4 0.12
3622 4 0.11
3623 4 0.13
3624 4 0.12
3625 4 0.11
3626 4 0.13
3627 4 0.11
3628 4 0.12
3629 4 0.11
3630 4 0.13
3631 4 0.12
3632 4 0.11
3633 4 0.12
3634 4 0.11
3635 4 0.13
3636 4 0.11
3637 4 0.12
3638 4 0.13
3639 4 0.11
3640 4 0.12
3641 4 0.13
3642 4 0.11
3643 4 0.12
3644 4 0.11
3645 4 0.13
3646 4 0.12
3647 4 0.11
3648 4 0.13
3649 4 0.11
3650 4 0.12
3651 4 0.13
3652 4 0.1
3653 4 0.13
3654 4 0.11
3655 4 0.12
3656 4 0.13
3657 4 0.11
3658 4 0.12
3659 4 0.11
3660 4 0.13
3661 4 0.12
3662 4 0.11
3663 4 0.13
3664 4 0.11
3665 4 0.12
3666 4 0.13
3667 4 0.11
3668 4 0.12
3669 4 0.13
3670 4 0.11
3671 4 0.12
3672 4 0.13
3673 4 0.1
3674 4 0.13
3675 4 0.12
3676 4 0.11
3677 4 0.13
3678 4 0.12
3679 4 0.13
3680 4 0.12
3681 4 0.13
3682 4 0.11
3683 4 0.12
3684 4 0.13
3685 4 0.11
3686 4 0.12
3687 4 0.13
3688 4 0.11
3689 4 0.12
3690 4 0.13
3691 4 0.11
3692 4 0.12
3693 4 0.13
3694 4 0.11
3695 4 0.12
3696 4 0.13
3697 4 0.11
3698 4 0.12
3699 4 0.13
3700 4 0.12
3701 4 0.11
3702 4 0.12
3703 4 0.13
3704 4 0.11
3705 4 0.12
3706 4 0.13
3707 4 0.11
3708 4 0.12
3709 4 0.13
3710 4 0.11
3711 4 0.12
3712 4 0.13
3713 4 0.12
3714 4 0.11
3715 4 0.13
3716 4 0.12
3717 4 0.13
3718 4 0.11
3719 4 0.12
3720 4 0.13
3721 4 0.12
3722 4 0.11
3723 4 0.13
3724 4 0.12
3725 4 0.11
3726 4 0.13
3727 4 0.12
3728 4 0.13
3729 4 0.1
3730 4 0.13
3731 4 0.12
3732 4 0.13
3733 4 0.12
3734 4 0.11
3735 4 0.13
3736 4 0.12
3737 4 0.13
3738 4 0.11
3739 4 0.12
3740 4 0.13
3741 4 0.12
3742 4 0.13
3743 4 0.11
3744 4 0.12
3745 4 0.13
3746 4 0.12
3747 4 0.11
3748 4 0.13
3749 4 0.12
3750 4 0.13
3751 4 0.12
3752 4 0.11
3753 4 0.13
3754 4 0.12
3755 4 0.13
3756 4 0.12
3757 4 0.11
3758 4 0.13
3759 4 0.12
3760 4 0.13
3761 4 0.12
3762 4 0.13
3763 4 0.11
3764 4 0.14
3765 4 0.12
3766 4 0.13
3767 4 0.11
3768 4 0.12
3769 4 0.13
3770 4 0.12
3771 4 0.13
3772 4 0.1
3773 4 0.13
3774 4 0.12
3775 4 0.13
3776 4 0.12
3777 4 0.13
3778 4 0.12
3779 4 0.11
3780 4 0.13
3781 4 0.12
3782 4 0.13
3783 4 0.12
3784 4 0.13
3785 4 0.12
3786 4 0.13
3787 4 0.11
3788 4 0.12
3789 4 0.13
3790 4 0.12
3791 4 0.13
3792 4 0.12
3793 4 0.13
3794 4 0.11
3795 4 0.12
3796 4 0.13
3797 4 0.12
3798 4 0.13
3799 4 0.12
3800 4 0.13
3801 4 0.12
3802 4 0.13
3803 4 0.12
3804 4 0.13
3805 4 0.12
3806 4 0.11
3807 4 0.13
3808 4 0.12
3809 4 0.13
3810 4 0.12
3811 4 0.13
3812 4 0.12
3813 4 0.13
3814 4 0.12
3815 4 0.13
3816 4 0.12
3817 4 0.13
3818 4 0.12
3819 4 0.13
3820 4 0.12
3821 4 0.13
3822 4 0.12
3823 4 0.13
3824 4 0.12
3825 4 0.13
3826 4 0.12
3827 4 0.13
3828 4 0.12
3829 4 0.13
3830 4 0.12
3831 4 0.13
3832 4 0.12
3833 4 0.13
3834 4 0.12
3835 4 0.13
3836 4 0.12
3837 4 0.13
3838 4 0.12
3839 4 0.13
3840 4 0.12
3841 4 0.13
3842 4 0.12
3843 4 0.13
3844 4 0.14
3845 4 0.12
3846 4 0.13
3847 4 0.14
3848 4 0.12
3849 4 0.13
3850 4 0.12
3851 4 0.13
3852 4 0.12
3853 4 0.13
3854 4 0.12
3855 4 0.13
3856 4 0.12
3857 4 0.13
3858 4 0.12
3859 4 0.13
3860 4 0.12
3861 4 0.13
3862 4 0.12
3863 4 0.13
3864 4 0.12
3865 4 0.14
3866 4 0.13
3867 4 0.12
3868 4 0.13
3869 4 0.12
3870 4 0.13
3871 4 0.12
3872 4 0.13
3873 4 0.12
3874 4 0.13
3875 4 0.12
3876 4 0.13
3877 4 0.12
3878 4 0.13
3879 4 0.12
3880 4 0.14
3881 4 0.13
3882 4 0.12
3883 4 0.13
3884 4 0.12
3885 4 0.13
3886 4 0.12
3887 4 0.13
3888 4 0.14
3889 4 0.13
3890 4 0.12
3891 4 0.13
3892 4 0.12
3893 4 0.13
3894 4 0.12
3895 4 0.13
3896 4 0.14
3897 4 0.12
3898 4 0.13
3899 4 0.12
3900 4 0.13
3901 4 0.12
3902 4 0.13
3903 4 0.12
3904 4 0.13
3905 4 0.14
3906 4 0.12
3907 4 0.13
3908 4 0.12
3909 4 0.13
3910 4 0.12
3911 4 0.13
3912 4 0.14
3913 4 0.12
3914 4 0.13
3915 4 0.12
3916 4 0.13
3917 4 0.12
3918 4 0.13
3919 4 0.14
3920 4 0.12
3921 4 0.13
3922 4 0.12
3923 4 0.13
3924 4 0.12
3925 4 0.13
3926 4 0.14
3927 4 0.12
3928 4 0.13
3929 4 0.14
3930 4 0.12
3931 4 0.13
3932 4 0.12
3933 4 0.14
3934 4 0.13
3935 4 0.12
3936 4 0.15
3937 4 0.12
3938 4 0.13
3939 4 0.12
3940 4 0.13
3941 4 0.14
3942 4 0.12
3943 4 0.13
3944 4 0.12
3945 4 0.13
3946 4 0.14
3947 4 0.12
3948 4 0.13
3949 4 0.12
3950 4 0.13
3951 4 0.14
3952 4 0.12
3953 4 0.13
3954 4 0.12
3955 4 0.14
3956 4 0.13
3957 4 0.12
3958 4 0.13
3959 4 0.14
3960 4 0.12
3961 4 0.13
3962 4 0.12
3963 4 0.13
3964 4 0.14
3965 4 0.12
3966 4 0.13
3967 4 0.12
3968 4 0.14
3969 4 0.13
3970 4 0.12
3971 4 0.13
3972 4 0.14
3973 4 0.13
3974 4 0.14
3975 4 0.12
3976 4 0.13
3977 4 0.12
3978 4 0.14
3979 4 0.13
3980 4 0.12
3981 4 0.13
3982 4 0.14
3983 4 0.12
3984 4 0.13
3985 4 0.14
3986 4 0.12
3987 4 0.13
3988 4 0.14
3989 4 0.12
3990 4 0.13
3991 4 0.12
3992 4 0.14
3993 4 0.13
3994 4 0.12
3995 4 0.14
3996 4 0.13
3997 4 0.12
3998 4 0.15
3999 4 0.12
4000 4 0.13
4001 4 0.14
4002 4 0.12
4003 4 0.13
4004 4 0.14
4005 4 0.12
4006 4 0.13
4007 4 0.14
4008 4 0.12
4009 4 0.13
4010 4 0.14
4011 4 0.12
4012 4 0.14
4013 4 0.13
4014 4 0.12
4015 4 0.14
4016 4 0.13
4017 4 0.12
4018 4 0.14
4019 4 0.13
4020 4 0.14
4021 4 0.13
4022 4 0.12
4023 4 0.14
4024 4 0.13
4025 4 0.14
4026 4 0.12
4027 4 0.13
4028 4 0.12
4029 4 0.14
4030 4 0.13
4031 4 0.12
4032 4 0.14
4033 4 0.13
4034 4 0.12
4035 4 0.14
4036 4 0.13
4037 4 0.14
4038 4 0.12
4039 4 0.14
4040 4 0.13
4041 4 0.14
4042 4 0.13
4043 4 0.12
4044 4 0.14
4045 4 0.13
4046 4 0.14
4047 4 0.12
4048 4 0.13
4049 4 0.14
4050 4 0.12
4051 4 0.14
4052 4 0.13
4053 4 0.14
4054 4 0.12
4055 4 0.14
4056 4 0.13
4057 4 0.12
4058 4 0.14
4059 4 0.13
4060 4 0.14
4061 4 0.13
4062 4 0.14
4063 4 0.12
4064 4 0.14
4065 4 0.13
4066 4 0.12
4067 4 0.14
4068 4 0.13
4069 4 0.12
4070 4 0.14
4071 4 0.13
4072 4 0.14
4073 4 0.12
4074 4 0.14
4075 4 0.13
4076 4 0.14
4077 4 0.12
4078 4 0.15
4079 4 0.14
4080 4 0.12
4081 4 0.14
4082 4 0.13
4083 4 0.14
4084 4 0.12
4085 4 0.13
4086 4 0.14
4087 4 0.12
4088 4 0.14
4089 4 0.14
4090 4 0.13
4091 4 0.14
4092 4 0.12
4093 4 0.15
4094 4 0.14
4095 4 0.12
