0 1 0
1 1 0
2 1 0
3 1 0
4 1 0
5 1 0
6 1 0
7 1 0
8 1 0
9 1 0
10 1 0
11 1 0
12 1 0
13 1 0.02
14 1 0
15 1 0
16 1 0
17 1 0
18 1 0
19 1 0
20 1 0
21 1 0.01
22 1 0
23 1 0
24 1 0
25 1 0
26 1 0.02
27 1 0
28 1 0
29 1 0
30 1 0.01
31 1 0
32 1 0
33 1 0
34 1 0.02
35 1 0
36 1 0
37 1 0.01
38 1 0
39 1 0
40 1 0.02
41 1 0
42 1 0
43 1 0.02
44 1 0
45 1 0
46 1 0.01
47 1 0
48 1 0.02
49 1 0
50 1 0
51 1 0.01
52 1 0
53 1 0.02
54 1 0
55 1 0.01
56 1 0
57 1 0.02
58 1 0
59 1 0
60 1 0.02
61 1 0.01
62 1 0
63 1 0.02
64 1 0
65 1 0.01
66 1 0
67 1 0.02
68 1 0
69 1 0.01
70 1 0.02
71 1 0
72 1 0.01
73 1 0
74 1 0.02
75 1 0.02
76 1 0
77 1 0.01
78 1 0.02
79 1 0.01
80 1 0
81 1 0.02
82 1 0.01
83 1 0.02
84 1 0
85 1 0.02
86 1 0.01
87 1 0.02
88 1 0
89 1 0.01
90 1 0.02
91 1 0.01
92 1 0
93 1 0.02
94 1 0.01
95 1 0.02
96 1 0.02
97 1 0.01
98 1 0.02
99 1 0.01
100 1 0
101 1 0.02
102 1 0.01
103 1 0.02
104 1 0.02
105 1 0.01
106 1 0.02
107 1 0.01
108 1 0.02
109 1 0.01
110 1 0.02
111 1 0.01
112 1 0.02
113 1 0.02
114 1 0.01
115 1 0.02
116 1 0.01
117 1 0.02
118 1 0.01
119 1 0.02
120 1 0.03
121 1 0.02
122 1 0.01
123 1 0.02
124 1 0.01
125 1 0.02
126 1 0.01
127 1 0.02
128 1 0.02
129 1 0.01
130 1 0.03
131 1 0.02
132 1 0.01
133 1 0.02
134 1 0.02
135 1 0.03
136 1 0.01
137 1 0.02
138 1 0.01
139 1 0.02
140 1 0.03
141 1 0.02
142 1 0.01
143 1 0.02
144 1 0.03
145 1 0.01
146 1 0.02
147 1 0.02
148 1 0.03
149 1 0.01
150 1 0.02
151 1 0.03
152 1 0.01
153 1 0.02
154 1 0.03
155 1 0.02
156 1 0.01
157 1 0.03
158 1 0.02
159 1 0.03
160 1 0.02
161 1 0.01
162 1 0.03
163 1 0.02
164 1 0.03
165 1 0.02
166 1 0.01
167 1 0.03
168 1 0.02
169 1 0.03
170 1 0.02
171 1 0.03
172 1 0.01
173 1 0.03
174 1 0.02
175 1 0.03
176 1 0.02
177 1 0.03
178 1 0.01
179 1 0.03
180 1 0.04
181 1 0.01
182 1 0.03
183 1 0.02
184 1 0.03
185 1 0.03
186 1 0.02
187 1 0.03
188 1 0.01
189 1 0.03
190 1 0.04
191 1 0.01
192 1 0.03
193 1 0.03
194 1 0.02
195 1 0.03
196 1 0.03
197 1 0.02
198 1 0.03
199 1 0.03
200 1 0.03
201 1 0.02
202 1 0.03
203 1 0.03
204 1 0.03
205 1 0.02
206 1 0.03
207 1 0.03
208 1 0.03
209 1 0.03
210 1 0.03
211 1 0.02
212 1 0.03
213 1 0.03
214 1 0.03
215 1 0.03
216 1 0.03
217 1 0.04
218 1 0.01
219 1 0.03
220 1 0.03
221 1 0.03
222 1 0.04
223 1 0.03
224 1 0.03
225 1 0.03
226 1 0.03
227 1 0.03
228 1 0.03
229 1 0.03
230 1 0.04
231 1 0.03
232 1 0.03
233 1 0.03
234 1 0.03
235 1 0.03
236 1 0.03
237 1 0.03
238 1 0.04
239 1 0.03
240 1 0.03
241 1 0.03
242 1 0.03
243 1 0.03
244 1 0.03
245 1 0.03
246 1 0.04
247 1 0.03
248 1 0.04
249 1 0.04
250 1 0.03
251 1 0.03
252 1 0.03
253 1 0.03
254 1 0.05
255 1 0.03
256 1 0.03
257 1 0.03
258 1 0.03
259 1 0.05
260 1 0.03
261 1 0.03
262 1 0.03
263 1 0.05
264 1 0.03
265 1 0.03
266 1 0.03
267 1 0.05
268 1 0.03
269 1 0.03
270 1 0.05
271 1 0.03
272 1 0.03
273 1 0.05
274 1 0.03
275 1 0.03
276 1 0.05
277 1 0.03
278 1 0.03
279 1 0.05
280 1 0.03
281 1 0.05
282 1 0.03
283 1 0.03
284 1 0.05
285 1 0.03
286 1 0.04
287 1 0.03
288 1 0.05
289 1 0.03
290 1 0.05
291 1 0.03
292 1 0.05
293 1 0.03
294 1 0.05
295 1 0.03
296 1 0.04
297 1 0.04
298 1 0.04
299 1 0.05
300 1 0.03
301 1 0.05
302 1 0.03
303 1 0.05
304 1 0.03
305 1 0.04
306 1 0.05
307 1 0.03
308 1 0.05
309 1 0.05
310 1 0.03
311 1 0.04
312 1 0.05
313 1 0.03
314 1 0.05
315 1 0.05
316 1 0.04
317 1 0.03
318 1 0.05
319 1 0.05
320 1 0.04
321 1 0.05
322 1 0.03
323 1 0.05
324 1 0.05
325 1 0.04
326 1 0.05
327 1 0.03
328 1 0.05
329 1 0.04
330 1 0.05
331 1 0.05
332 1 0.05
333 1 0.03
334 1 0.04
335 1 0.05
336 1 0.05
337 1 0.04
338 1 0.05
339 1 0.05
340 1 0.04
341 1 0.05
342 1 0.05
343 1 0.05
344 1 0.04
345 1 0.05
346 1 0.05
347 1 0.04
348 1 0.05
349 1 0.05
350 1 0.04
351 1 0.05
352 1 0.05
353 1 0.04
354 1 0.05
355 1 0.05
356 1 0.04
357 1 0.05
358 1 0.05
359 1 0.05
360 1 0.04
361 1 0.05
362 1 0.06
363 1 0.05
364 1 0.05
365 1 0.04
366 1 0.05
367 1 0.05
368 1 0.06
369 1 0.05
370 1 0.04
371 1 0.05
372 1 0.05
373 1 0.06
374 1 0.05
375 1 0.04
376 1 0.05
377 1 0.06
378 1 0.05
379 1 0.05
380 1 0.04
381 1 0.06
382 1 0.05
383 1 0.05
384 1 0.06
385 1 0.05
386 1 0.04
387 1 0.07
388 1 0.04
389 1 0.05
390 1 0.06
391 1 0.05
392 1 0.06
393 1 0.05
394 1 0.05
395 1 0.06
396 1 0.05
397 1 0.06
398 1 0.05
399 1 0.04
400 1 0.06
401 1 0.05
402 1 0.06
403 1 0.07
404 1 0.04
405 1 0.05
406 1 0.06
407 1 0.05
408 1 0.06
409 1 0.05
410 1 0.06
411 1 0.05
412 1 0.06
413 1 0.05
414 1 0.06
415 1 0.05
416 1 0.06
417 1 0.05
418 1 0.06
419 1 0.05
420 1 0.06
421 1 0.06
422 1 0.05
423 1 0.06
424 1 0.05
425 1 0.06
426 1 0.06
427 1 0.05
428 1 0.06
429 1 0.06
430 1 0.05
431 1 0.06
432 1 0.05
433 1 0.06
434 1 0.07
435 1 0.04
436 1 0.06
437 1 0.07
438 1 0.06
439 1 0.05
440 1 0.06
441 1 0.06
442 1 0.05
443 1 0.06
444 1 0.06
445 1 0.07
446 1 0.06
447 1 0.05
448 1 0.06
449 1 0.06
450 1 0.06
451 1 0.07
452 1 0.06
453 1 0.06
454 1 0.06
455 1 0.07
456 1 0.04
457 1 0.06
458 1 0.07
459 1 0.06
460 1 0.06
461 1 0.06
462 1 0.07
463 1 0.06
464 1 0.06
465 1 0.06
466 1 0.07
467 1 0.06
468 1 0.05
469 1 0.06
470 1 0.06
471 1 0.06
472 1 0.07
473 1 0.06
474 1 0.06
475 1 0.06
476 1 0.07
477 1 0.06
478 1 0.08
479 1 0.06
480 1 0.06
481 1 0.06
482 1 0.07
483 1 0.06
484 1 0.06
485 1 0.06
486 1 0.07
487 1 0.06
488 1 0.06
489 1 0.06
490 1 0.07
491 1 0.06
492 1 0.08
493 1 0.06
494 1 0.06
495 1 0.07
496 1 0.07
497 1 0.07
498 1 0.06
499 1 0.08
500 1 0.06
501 1 0.06
502 1 0.06
503 1 0.08
504 1 0.06
505 1 0.08
506 1 0.07
507 1 0.06
508 1 0.08
509 1 0.06
510 1 0.06
511 1 0.08
512 1 0.06
513 1 0.08
514 1 0.06
515 1 0.06
516 1 0.08
517 1 0.07
518 1 0.07
519 1 0.07
520 1 0.07
521 1 0.07
522 1 0.07
523 1 0.07
524 1 0.08
525 1 0.06
526 1 0.08
527 1 0.07
528 1 0.07
529 1 0.07
530 1 0.08
531 1 0.08
532 1 0.06
533 1 0.08
534 1 0.08
535 1 0.08
536 1 0.06
537 1 0.08
538 1 0.08
539 1 0.06
540 1 0.08
541 1 0.08
542 1 0.07
543 1 0.07
544 1 0.07
545 1 0.08
546 1 0.06
547 1 0.08
548 1 0.08
549 1 0.08
550 1 0.06
551 1 0.08
552 1 0.08
553 1 0.08
554 1 0.07
555 1 0.07
556 1 0.07
557 1 0.08
558 1 0.08
559 1 0.08
560 1 0.08
561 1 0.06
562 1 0.08
563 1 0.08
564 1 0.07
565 1 0.08
566 1 0.08
567 1 0.08
568 1 0.08
569 1 0.07
570 1 0.07
571 1 0.08
572 1 0.07
573 1 0.08
574 1 0.08
575 1 0.08
576 1 0.08
577 1 0.07
578 1 0.08
579 1 0.08
580 1 0.08
581 1 0.08
582 1 0.07
583 1 0.08
584 1 0.08
585 1 0.08
586 1 0.09
587 1 0.08
588 1 0.08
589 1 0.08
590 1 0.08
591 1 0.07
592 1 0.08
593 1 0.08
594 1 0.08
595 1 0.08
596 1 0.07
597 1 0.1
598 1 0.08
599 1 0.07
600 1 0.08
601 1 0.08
602 1 0.09
603 1 0.08
604 1 0.08
605 1 0.08
606 1 0.08
607 1 0.09
608 1 0.08
609 1 0.08
610 1 0.09
611 1 0.08
612 1 0.08
613 1 0.07
614 1 0.1
615 1 0.08
616 1 0.07
617 1 0.08
618 1 0.1
619 1 0.07
620 1 0.08
621 1 0.1
622 1 0.07
623 1 0.08
624 1 0.1
625 1 0.07
626 1 0.08
627 1 0.1
628 1 0.07
629 1 0.08
630 1 0.1
631 1 0.07
632 1 0.1
633 1 0.08
634 1 0.09
635 1 0.08
636 1 0.08
637 1 0.09
638 1 0.08
639 1 0.08
640 1 0.09
641 1 0.08
642 1 0.09
643 1 0.08
644 1 0.09
645 1 0.08
646 1 0.08
647 1 0.09
648 1 0.08
649 1 0.1
650 1 0.07
651 1 0.1
652 1 0.08
653 1 0.09
654 1 0.08
655 1 0.09
656 1 0.08
657 1 0.09
658 1 0.08
659 1 0.1
660 1 0.07
661 1 0.1
662 1 0.08
663 1 0.09
664 1 0.09
665 1 0.08
666 1 0.09
667 1 0.08
668 1 0.1
669 1 0.09
670 1 0.08
671 1 0.09
672 1 0.08
673 1 0.09
674 1 0.1
675 1 0.09
676 1 0.08
677 1 0.09
678 1 0.1
679 1 0.09
680 1 0.08
681 1 0.09
682 1 0.1
683 1 0.09
684 1 0.09
685 1 0.1
686 1 0.09
687 1 0.1
688 1 0.09
689 1 0.09
690 1 0.08
691 1 0.09
692 1 0.1
693 1 0.09
694 1 0.1
695 1 0.09
696 1 0.09
697 1 0.1
698 1 0.08
699 1 0.09
700 1 0.09
701 1 0.1
702 1 0.11
703 1 0.09
704 1 0.09
705 1 0.1
706 1 0.06
707 1 0.09
708 1 0.1
709 1 0.09
710 1 0.09
711 1 0.1
712 1 0.09
713 1 0.1
714 1 0.09
715 1 0.09
716 1 0.1
717 1 0.09
718 1 0.09
719 1 0.1
720 1 0.11
721 1 0.09
722 1 0.1
723 1 0.09
724 1 0.11
725 1 0.09
726 1 0.1
727 1 0.11
728 1 0.09
729 1 0.09
730 1 0.1
731 1 0.11
732 1 0.09
733 1 0.09
734 1 0.11
735 1 0.1
736 1 0.09
737 1 0.11
738 1 0.09
739 1 0.1
740 1 0.11
741 1 0.09
742 1 0.09
743 1 0.11
744 1 0.1
745 1 0.09
746 1 0.11
747 1 0.09
748 1 0.11
749 1 0.1
750 1 0.09
751 1 0.11
752 1 0.09
753 1 0.1
754 1 0.11
755 1 0.09
756 1 0.11
757 1 0.09
758 1 0.1
759 1 0.11
760 1 0.09
761 1 0.09
762 1 0.11
763 1 0.1
764 1 0.11
765 1 0.09
766 1 0.09
767 1 0.11
768 1 0.1
769 1 0.11
770 1 0.09
771 1 0.11
772 1 0.09
773 1 0.11
774 1 0.1
775 1 0.11
776 1 0.09
777 1 0.11
778 1 0.09
779 1 0.11
780 1 0.1
781 1 0.11
782 1 0.09
783 1 0.11
784 1 0.11
785 1 0.09
786 1 0.11
787 1 0.11
788 1 0.09
789 1 0.11
790 1 0.1
791 1 0.11
792 1 0.11
793 1 0.09
794 1 0.11
795 1 0.11
796 1 0.09
797 1 0.11
798 1 0.11
799 1 0.1
800 1 0.1
801 1 0.11
802 1 0.11
803 1 0.1
804 1 0.11
805 1 0.11
806 1 0.09
807 1 0.11
808 1 0.11
809 1 0.11
810 1 0.09
811 1 0.11
812 1 0.11
813 1 0.11
814 1 0.11
815 1 0.09
816 1 0.11
817 1 0.11
818 1 0.11
819 1 0.11
820 1 0.11
821 1 0.11
822 1 0.11
823 1 0.11
824 1 0.09
825 1 0.11
826 1 0.11
827 1 0.11
828 1 0.11
829 1 0.11
830 1 0.11
831 1 0.11
832 1 0.11
833 1 0.11
834 1 0.11
835 1 0.1
836 1 0.11
837 1 0.11
838 1 0.11
839 1 0.11
840 1 0.11
841 1 0.11
842 1 0.11
843 1 0.11
844 1 0.11
845 1 0.11
846 1 0.12
847 1 0.11
848 1 0.11
849 1 0.11
850 1 0.11
851 1 0.11
852 1 0.11
853 1 0.11
854 1 0.11
855 1 0.12
856 1 0.11
857 1 0.11
858 1 0.11
859 1 0.11
860 1 0.13
861 1 0.11
862 1 0.1
863 1 0.11
864 1 0.11
865 1 0.13
866 1 0.11
867 1 0.11
868 1 0.11
869 1 0.12
870 1 0.11
871 1 0.11
872 1 0.13
873 1 0.1
874 1 0.11
875 1 0.13
876 1 0.11
877 1 0.11
878 1 0.12
879 1 0.11
880 1 0.11
881 1 0.13
882 1 0.11
883 1 0.11
884 1 0.12
885 1 0.11
886 1 0.12
887 1 0.11
888 1 0.11
889 1 0.13
890 1 0.12
891 1 0.11
892 1 0.13
893 1 0.11
894 1 0.12
895 1 0.11
896 1 0.13
897 1 0.11
898 1 0.12
899 1 0.11
900 1 0.13
901 1 0.1
902 1 0.13
903 1 0.11
904 1 0.12
905 1 0.13
906 1 0.11
907 1 0.12
908 1 0.11
909 1 0.13
910 1 0.12
911 1 0.11
912 1 0.13
913 1 0.12
914 1 0.11
915 1 0.13
916 1 0.12
917 1 0.11
918 1 0.13
919 1 0.12
920 1 0.11
921 1 0.13
922 1 0.12
923 1 0.13
924 1 0.1
925 1 0.13
926 1 0.12
927 1 0.13
928 1 0.12
929 1 0.11
930 1 0.13
931 1 0.12
932 1 0.13
933 1 0.12
934 1 0.13
935 1 0.11
936 1 0.12
937 1 0.13
938 1 0.12
939 1 0.13
940 1 0.12
941 1 0.13
942 1 0.11
943 1 0.12
944 1 0.13
945 1 0.12
946 1 0.13
947 1 0.12
948 1 0.13
949 1 0.12
950 1 0.13
951 1 0.12
952 1 0.13
953 1 0.12
954 1 0.13
955 1 0.12
956 1 0.13
957 1 0.12
958 1 0.13
959 1 0.12
960 1 0.13
961 1 0.12
962 1 0.13
963 1 0.12
964 1 0.13
965 1 0.14
966 1 0.12
967 1 0.13
968 1 0.12
969 1 0.13
970 1 0.12
971 1 0.13
972 1 0.12
973 1 0.14
974 1 0.13
975 1 0.12
976 1 0.13
977 1 0.12
978 1 0.13
979 1 0.14
980 1 0.12
981 1 0.13
982 1 0.12
983 1 0.15
984 1 0.12
985 1 0.13
986 1 0.12
987 1 0.14
988 1 0.13
989 1 0.12
990 1 0.14
991 1 0.13
992 1 0.12
993 1 0.14
994 1 0.13
995 1 0.12
996 1 0.14
997 1 0.13
998 1 0.12
999 1 0.14
1000 1 0.13
1001 1 0.12
1002 1 0.14
1003 1 0.13
1004 1 0.14
1005 1 0.12
1006 1 0.13
1007 1 0.14
1008 1 0.13
1009 1 0.14
1010 1 0.12
1011 1 0.14
1012 1 0.13
1013 1 0.12
1014 1 0.14
1015 1 0.13
1016 1 0.14
1017 1 0.14
1018 1 0.14
1019 1 0.14
1020 1 0.12
1021 1 0.15
1022 1 0.14
1023 1 0.14
1024 1 0.12
1025 1 0.14
1026 1 0.14
1027 1 0.14
1028 1 0.13
1029 1 0.14
1030 1 0.14
1031 1 0.14
1032 1 0.13
1033 1 0.14
1034 1 0.14
1035 1 0.12
1036 1 0.14
1037 1 0.14
1038 1 0.13
1039 1 0.14
1040 1 0.14
1041 1 0.14
1042 1 0.12
1043 1 0.15
1044 1 0.14
1045 1 0.14
1046 1 0.12
1047 1 0.14
1048 1 0.14
1049 1 0.14
1050 1 0.13
1051 1 0.14
1052 1 0.14
1053 1 0.14
1054 1 0.13
1055 1 0.14
1056 1 0.14
1057 1 0.14
1058 1 0.14
1059 1 0.14
1060 1 0.14
1061 1 0.12
1062 1 0.14
1063 1 0.15
1064 1 0.14
1065 1 0.14
1066 1 0.14
1067 1 0.14
1068 1 0.14
1069 1 0.14
1070 1 0.14
1071 1 0.14
1072 1 0.14
1073 1 0.14
1074 1 0.14
1075 1 0.14
1076 1 0.14
1077 1 0.14
1078 1 0.14
1079 1 0.15
1080 1 0.14
1081 1 0.14
1082 1 0.14
1083 1 0.14
1084 1 0.14
1085 1 0.14
1086 1 0.14
1087 1 0.14
1088 1 0.14
1089 1 0.14
1090 1 0.14
1091 1 0.16
1092 1 0.14
1093 1 0.14
1094 1 0.14
1095 1 0.14
1096 1 0.14
1097 1 0.16
1098 1 0.14
1099 1 0.14
1100 1 0.14
1101 1 0.14
1102 1 0.16
1103 1 0.14
1104 1 0.14
1105 1 0.14
1106 1 0.15
1107 1 0.15
1108 1 0.14
1109 1 0.14
1110 1 0.15
1111 1 0.14
1112 1 0.14
1113 1 0.16
1114 1 0.14
1115 1 0.14
1116 1 0.16
1117 1 0.14
1118 1 0.14
1119 1 0.16
1120 1 0.14
1121 1 0.15
1122 1 0.14
1123 1 0.14
1124 1 0.16
1125 1 0.14
1126 1 0.16
1127 1 0.14
1128 1 0.15
1129 1 0.14
1130 1 0.14
1131 1 0.16
1132 1 0.16
1133 1 0.14
1134 1 0.15
1135 1 0.14
1136 1 0.16
1137 1 0.14
1138 1 0.16
1139 1 0.14
1140 1 0.15
1141 1 0.15
1142 1 0.15
1143 1 0.16
1144 1 0.14
1145 1 0.15
1146 1 0.16
1147 1 0.16
1148 1 0.14
1149 1 0.15
1150 1 0.16
1151 1 0.14
1152 1 0.16
1153 1 0.15
1154 1 0.14
1155 1 0.16
1156 1 0.16
1157 1 0.14
1158 1 0.15
1159 1 0.16
1160 1 0.14
1161 1 0.16
1162 1 0.15
1163 1 0.16
1164 1 0.14
1165 1 0.16
1166 1 0.15
1167 1 0.16
1168 1 0.15
1169 1 0.15
1170 1 0.15
1171 1 0.16
1172 1 0.15
1173 1 0.14
1174 1 0.14
1175 1 0.16
1176 1 0.15
1177 1 0.16
1178 1 0.16
1179 1 0.15
1180 1 0.16
1181 1 0.15
1182 1 0.16
1183 1 0.14
1184 1 0.17
1185 1 0.14
1186 1 0.16
1187 1 0.16
1188 1 0.15
1189 1 0.16
1190 1 0.16
1191 1 0.15
1192 1 0.16
1193 1 0.15
1194 1 0.16
1195 1 0.16
1196 1 0.15
1197 1 0.16
1198 1 0.17
1199 1 0.16
1200 1 0.15
1201 1 0.16
1202 1 0.16
1203 1 0.15
1204 1 0.16
1205 1 0.15
1206 1 0.16
1207 1 0.16
1208 1 0.15
1209 1 0.18
1210 1 0.15
1211 1 0.16
1212 1 0.15
1213 1 0.16
1214 1 0.16
1215 1 0.15
1216 1 0.17
1217 1 0.16
1218 1 0.16
1219 1 0.15
1220 1 0.16
1221 1 0.17
1222 1 0.16
1223 1 0.15
1224 1 0.18
1225 1 0.15
1226 1 0.16
1227 1 0.15
1228 1 0.18
1229 1 0.15
1230 1 0.16
1231 1 0.16
1232 1 0.17
1233 1 0.15
1234 1 0.16
1235 1 0.17
1236 1 0.16
1237 1 0.15
1238 1 0.18
1239 1 0.15
1240 1 0.16
1241 1 0.17
1242 1 0.16
1243 1 0.17
1244 1 0.15
1245 1 0.16
1246 1 0.17
1247 1 0.16
1248 1 0.17
1249 1 0.16
1250 1 0.17
1251 1 0.16
1252 1 0.17
1253 1 0.15
1254 1 0.18
1255 1 0.15
1256 1 0.17
1257 1 0.16
1258 1 0.17
1259 1 0.16
1260 1 0.17
1261 1 0.16
1262 1 0.17
1263 1 0.15
1264 1 0.18
1265 1 0.17
1266 1 0.15
1267 1 0.18
1268 1 0.15
1269 1 0.17
1270 1 0.18
1271 1 0.15
1272 1 0.17
1273 1 0.18
1274 1 0.15
1275 1 0.17
1276 1 0.18
1277 1 0.15
1278 1 0.17
1279 1 0.18
1280 1 0.17
1281 1 0.15
1282 1 0.18
1283 1 0.17
1284 1 0.15
1285 1 0.18
1286 1 0.17
1287 1 0.17
1288 1 0.17
1289 1 0.16
1290 1 0.17
1291 1 0.17
1292 1 0.17
1293 1 0.18
1294 1 0.17
1295 1 0.17
1296 1 0.17
1297 1 0.16
1298 1 0.17
1299 1 0.17
1300 1 0.17
1301 1 0.17
1302 1 0.18
1303 1 0.17
1304 1 0.17
1305 1 0.17
1306 1 0.17
1307 1 0.18
1308 1 0.17
1309 1 0.17
1310 1 0.17
1311 1 0.17
1312 1 0.18
1313 1 0.17
1314 1 0.17
1315 1 0.17
1316 1 0.17
1317 1 0.17
1318 1 0.18
1319 1 0.17
1320 1 0.17
1321 1 0.17
1322 1 0.17
1323 1 0.18
1324 1 0.17
1325 1 0.17
1326 1 0.17
1327 1 0.17
1328 1 0.19
1329 1 0.17
1330 1 0.17
1331 1 0.18
1332 1 0.17
1333 1 0.17
1334 1 0.17
1335 1 0.17
1336 1 0.19
1337 1 0.17
1338 1 0.18
1339 1 0.17
1340 1 0.17
1341 1 0.19
1342 1 0.17
1343 1 0.17
1344 1 0.17
1345 1 0.19
1346 1 0.17
1347 1 0.17
1348 1 0.18
1349 1 0.18
1350 1 0.17
1351 1 0.18
1352 1 0.17
1353 1 0.19
1354 1 0.17
1355 1 0.19
1356 1 0.17
1357 1 0.17
1358 1 0.17
1359 1 0.19
1360 1 0.17
1361 1 0.19
1362 1 0.17
1363 1 0.19
1364 1 0.17
1365 1 0.17
1366 1 0.19
1367 1 0.17
1368 1 0.19
1369 1 0.17
1370 1 0.19
1371 1 0.17
1372 1 0.19
1373 1 0.17
1374 1 0.19
1375 1 0.17
1376 1 0.19
1377 1 0.17
1378 1 0.18
1379 1 0.18
1380 1 0.18
1381 1 0.18
1382 1 0.18
1383 1 0.19
1384 1 0.17
1385 1 0.19
1386 1 0.17
1387 1 0.19
1388 1 0.19
1389 1 0.17
1390 1 0.19
1391 1 0.17
1392 1 0.19
1393 1 0.18
1394 1 0.18
1395 1 0.18
1396 1 0.17
1397 1 0.19
1398 1 0.19
1399 1 0.19
1400 1 0.17
1401 1 0.19
1402 1 0.18
1403 1 0.19
1404 1 0.17
1405 1 0.19
1406 1 0.19
1407 1 0.19
1408 1 0.17
1409 1 0.19
1410 1 0.18
1411 1 0.19
1412 1 0.17
1413 1 0.19
1414 1 0.19
1415 1 0.18
1416 1 0.19
1417 1 0.19
1418 1 0.17
1419 1 0.19
1420 1 0.19
1421 1 0.18
1422 1 0.19
1423 1 0.19
1424 1 0.19
1425 1 0.18
1426 1 0.18
1427 1 0.18
1428 1 0.19
1429 1 0.19
1430 1 0.19
1431 1 0.18
1432 1 0.19
1433 1 0.19
1434 1 0.19
1435 1 0.18
1436 1 0.19
1437 1 0.19
1438 1 0.19
1439 1 0.18
1440 1 0.19
1441 1 0.19
1442 1 0.2
1443 1 0.19
1444 1 0.19
1445 1 0.18
1446 1 0.19
1447 1 0.19
1448 1 0.19
1449 1 0.18
1450 1 0.19
1451 1 0.19
1452 1 0.2
1453 1 0.19
1454 1 0.19
1455 1 0.18
1456 1 0.19
1457 1 0.19
1458 1 0.19
1459 1 0.2
1460 1 0.19
1461 1 0.19
1462 1 0.18
1463 1 0.19
1464 1 0.2
1465 1 0.19
1466 1 0.19
1467 1 0.19
1468 1 0.2
1469 1 0.19
1470 1 0.18
1471 1 0.21
1472 1 0.18
1473 1 0.19
1474 1 0.21
1475 1 0.18
1476 1 0.21
1477 1 0.18
1478 1 0.19
1479 1 0.2
1480 1 0.19
1481 1 0.19
1482 1 0.2
1483 1 0.19
1484 1 0.19
1485 1 0.2
1486 1 0.19
1487 1 0.2
1488 1 0.19
1489 1 0.19
1490 1 0.2
1491 1 0.19
1492 1 0.2
1493 1 0.19
1494 1 0.2
1495 1 0.19
1496 1 0.2
1497 1 0.19
1498 1 0.2
1499 1 0.2
1500 1 0.19
1501 1 0.21
1502 1 0.18
1503 1 0.21
1504 1 0.18
1505 1 0.21
1506 1 0.2
1507 1 0.19
1508 1 0.2
1509 1 0.19
1510 1 0.2
1511 1 0.2
1512 1 0.19
1513 1 0.2
1514 1 0.21
1515 1 0.19
1516 1 0.21
1517 1 0.21
1518 1 0.2
1519 1 0.19
1520 1 0.2
1521 1 0.2
1522 1 0.19
1523 1 0.2
1524 1 0.21
1525 1 0.2
1526 1 0.2
1527 1 0.19
1528 1 0.2
1529 1 0.21
1530 1 0.2
1531 1 0.2
1532 1 0.19
1533 1 0.2
1534 1 0.21
1535 1 0.2
1536 1 0.2
1537 1 0.21
1538 1 0.18
1539 1 0.21
1540 1 0.2
1541 1 0.2
1542 1 0.21
1543 1 0.2
1544 1 0.2
1545 1 0.21
1546 1 0.2
1547 1 0.2
1548 1 0.21
1549 1 0.2
1550 1 0.2
1551 1 0.21
1552 1 0.2
1553 1 0.2
1554 1 0.2
1555 1 0.21
1556 1 0.2
1557 1 0.2
1558 1 0.21
1559 1 0.2
1560 1 0.2
1561 1 0.21
1562 1 0.2
1563 1 0.2
1564 1 0.21
1565 1 0.2
1566 1 0.22
1567 1 0.2
1568 1 0.2
1569 1 0.21
1570 1 0.2
1571 1 0.2
1572 1 0.22
1573 1 0.21
1574 1 0.2
1575 1 0.2
1576 1 0.2
1577 1 0.21
1578 1 0.22
1579 1 0.2
1580 1 0.2
1581 1 0.21
1582 1 0.21
1583 1 0.21
1584 1 0.2
1585 1 0.2
1586 1 0.22
1587 1 0.21
1588 1 0.2
1589 1 0.2
1590 1 0.22
1591 1 0.2
1592 1 0.21
1593 1 0.22
1594 1 0.2
1595 1 0.2
1596 1 0.22
1597 1 0.2
1598 1 0.22
1599 1 0.21
1600 1 0.2
1601 1 0.22
1602 1 0.2
1603 1 0.22
1604 1 0.2
1605 1 0.21
1606 1 0.21
1607 1 0.21
1608 1 0.22
1609 1 0.2
1610 1 0.22
1611 1 0.2
1612 1 0.22
1613 1 0.2
1614 1 0.22
1615 1 0.21
1616 1 0.21
1617 1 0.21
1618 1 0.22
1619 1 0.21
1620 1 0.22
1621 1 0.21
1622 1 0.22
1623 1 0.21
1624 1 0.22
1625 1 0.22
1626 1 0.2
1627 1 0.22
1628 1 0.22
1629 1 0.21
1630 1 0.21
1631 1 0.22
1632 1 0.21
1633 1 0.21
1634 1 0.22
1635 1 0.21
1636 1 0.22
1637 1 0.21
1638 1 0.22
1639 1 0.21
1640 1 0.21
1641 1 0.22
1642 1 0.22
1643 1 0.21
1644 1 0.21
1645 1 0.22
1646 1 0.22
1647 1 0.22
1648 1 0.22
1649 1 0.2
1650 1 0.22
1651 1 0.22
1652 1 0.22
1653 1 0.22
1654 1 0.22
1655 1 0.2
1656 1 0.22
1657 1 0.22
1658 1 0.22
1659 1 0.21
1660 1 0.22
1661 1 0.22
1662 1 0.24
1663 1 0.21
1664 1 0.21
1665 1 0.22
1666 1 0.22
1667 1 0.21
1668 1 0.22
1669 1 0.22
1670 1 0.22
1671 1 0.22
1672 1 0.22
1673 1 0.22
1674 1 0.22
1675 1 0.21
1676 1 0.22
1677 1 0.22
1678 1 0.22
1679 1 0.22
1680 1 0.22
1681 1 0.22
1682 1 0.22
1683 1 0.23
1684 1 0.22
1685 1 0.22
1686 1 0.22
1687 1 0.21
1688 1 0.22
1689 1 0.22
1690 1 0.22
1691 1 0.22
1692 1 0.23
1693 1 0.22
1694 1 0.22
1695 1 0.22
1696 1 0.22
1697 1 0.23
1698 1 0.22
1699 1 0.22
1700 1 0.22
1701 1 0.23
1702 1 0.22
1703 1 0.22
1704 1 0.24
1705 1 0.21
1706 1 0.22
1707 1 0.22
1708 1 0.24
1709 1 0.22
1710 1 0.21
1711 1 0.24
1712 1 0.22
1713 1 0.22
1714 1 0.23
1715 1 0.22
1716 1 0.23
1717 1 0.22
1718 1 0.24
1719 1 0.22
1720 1 0.23
1721 1 0.22
1722 1 0.23
1723 1 0.22
1724 1 0.24
1725 1 0.21
1726 1 0.24
1727 1 0.22
1728 1 0.23
1729 1 0.22
1730 1 0.24
1731 1 0.23
1732 1 0.22
1733 1 0.23
1734 1 0.24
1735 1 0.23
1736 1 0.24
1737 1 0.21
1738 1 0.24
1739 1 0.23
1740 1 0.22
1741 1 0.24
1742 1 0.22
1743 1 0.23
1744 1 0.22
1745 1 0.23
1746 1 0.24
1747 1 0.22
1748 1 0.23
1749 1 0.22
1750 1 0.23
1751 1 0.24
1752 1 0.23
1753 1 0.22
1754 1 0.24
1755 1 0.21
1756 1 0.24
1757 1 0.23
1758 1 0.24
1759 1 0.22
1760 1 0.23
1761 1 0.23
1762 1 0.22
1763 1 0.24
1764 1 0.23
1765 1 0.24
1766 1 0.22
1767 1 0.23
1768 1 0.23
1769 1 0.24
1770 1 0.23
1771 1 0.24
1772 1 0.22
1773 1 0.23
1774 1 0.23
1775 1 0.24
1776 1 0.23
1777 1 0.24
1778 1 0.22
1779 1 0.23
1780 1 0.24
1781 1 0.23
1782 1 0.23
1783 1 0.24
1784 1 0.23
1785 1 0.24
1786 1 0.22
1787 1 0.23
1788 1 0.23
1789 1 0.24
1790 1 0.23
1791 1 0.24
1792 1 0.23
1793 1 0.24
1794 1 0.23
1795 1 0.25
1796 1 0.24
1797 1 0.23
1798 1 0.23
1799 1 0.24
1800 1 0.23
1801 1 0.24
1802 1 0.23
1803 1 0.24
1804 1 0.23
1805 1 0.23
1806 1 0.24
1807 1 0.25
1808 1 0.23
1809 1 0.24
1810 1 0.23
1811 1 0.24
1812 1 0.23
1813 1 0.24
1814 1 0.25
1815 1 0.23
1816 1 0.23
1817 1 0.24
1818 1 0.25
1819 1 0.23
1820 1 0.24
1821 1 0.23
1822 1 0.25
1823 1 0.24
1824 1 0.23
1825 1 0.23
1826 1 0.25
1827 1 0.24
1828 1 0.23
1829 1 0.25
1830 1 0.24
1831 1 0.23
1832 1 0.24
1833 1 0.25
1834 1 0.23
1835 1 0.25
1836 1 0.24
1837 1 0.23
1838 1 0.25
1839 1 0.23
1840 1 0.24
1841 1 0.25
1842 1 0.23
1843 1 0.25
1844 1 0.24
1845 1 0.23
1846 1 0.25
1847 1 0.24
1848 1 0.25
1849 1 0.23
1850 1 0.25
1851 1 0.23
1852 1 0.24
1853 1 0.25
1854 1 0.23
1855 1 0.25
1856 1 0.24
1857 1 0.25
1858 1 0.23
1859 1 0.25
1860 1 0.24
1861 1 0.25
1862 1 0.25
1863 1 0.23
1864 1 0.25
1865 1 0.24
1866 1 0.25
1867 1 0.23
1868 1 0.25
1869 1 0.25
1870 1 0.23
1871 1 0.25
1872 1 0.25
1873 1 0.25
1874 1 0.25
1875 1 0.25
1876 1 0.25
1877 1 0.25
1878 1 0.25
1879 1 0.25
1880 1 0.25
1881 1 0.25
1882 1 0.25
1883 1 0.25
1884 1 0.25
1885 1 0.25
1886 1 0.25
1887 1 0.25
1888 1 0.25
1889 1 0.25
1890 1 0.25
1891 1 0.25
1892 1 0.25
1893 1 0.25
1894 1 0.25
1895 1 0.25
1896 1 0.27
1897 1 0.25
1898 1 0.25
1899 1 0.25
1900 1 0.25
1901 1 0.25
1902 1 0.25
1903 1 0.25
1904 1 0.23
1905 1 0.25
1906 1 0.25
1907 1 0.25
1908 1 0.25
1909 1 0.25
1910 1 0.25
1911 1 0.25
1912 1 0.25
1913 1 0.25
1914 1 0.25
1915 1 0.25
1916 1 0.25
1917 1 0.25
1918 1 0.25
1919 1 0.25
1920 1 0.25
1921 1 0.25
1922 1 0.27
1923 1 0.25
1924 1 0.25
1925 1 0.25
1926 1 0.25
1927 1 0.25
1928 1 0.25
1929 1 0.25
1930 1 0.25
1931 1 0.25
1932 1 0.27
1933 1 0.25
1934 1 0.25
1935 1 0.25
1936 1 0.25
1937 1 0.25
1938 1 0.26
1939 1 0.25
1940 1 0.25
1941 1 0.25
1942 1 0.27
1943 1 0.25
1944 1 0.25
1945 1 0.26
1946 1 0.25
1947 1 0.27
1948 1 0.25
1949 1 0.25
1950 1 0.25
1951 1 0.26
1952 1 0.25
1953 1 0.25
1954 1 0.27
1955 1 0.25
1956 1 0.25
1957 1 0.26
1958 1 0.25
1959 1 0.25
1960 1 0.27
1961 1 0.25
1962 1 0.25
1963 1 0.27
1964 1 0.25
1965 1 0.26
1966 1 0.25
1967 1 0.27
1968 1 0.25
1969 1 0.25
1970 1 0.26
1971 1 0.25
1972 1 0.27
1973 1 0.25
1974 1 0.26
1975 1 0.25
1976 1 0.27
1977 1 0.27
1978 1 0.25
1979 1 0.26
1980 1 0.25
1981 1 0.27
1982 1 0.25
1983 1 0.26
1984 1 0.25
1985 1 0.27
1986 1 0.25
1987 1 0.26
1988 1 0.25
1989 1 0.27
1990 1 0.26
1991 1 0.25
1992 1 0.27
1993 1 0.25
1994 1 0.27
1995 1 0.26
1996 1 0.25
1997 1 0.27
1998 1 0.26
1999 1 0.25
2000 1 0.27
2001 1 0.26
2002 1 0.25
2003 1 0.27
2004 1 0.27
2005 1 0.25
2006 1 0.26
2007 1 0.27
2008 1 0.26
2009 1 0.25
2010 1 0.27
2011 1 0.26
2012 1 0.27
2013 1 0.25
2014 1 0.26
2015 1 0.27
2016 1 0.27
2017 1 0.26
2018 1 0.27
2019 1 0.26
2020 1 0.25
2021 1 0.27
2022 1 0.26
2023 1 0.27
2024 1 0.28
2025 1 0.27
2026 1 0.26
2027 1 0.27
2028 1 0.26
2029 1 0.27
2030 1 0.28
2031 1 0.27
2032 1 0.28
2033 1 0.26
2034 1 0.28
2035 1 0.27
2036 1 0.28
2037 1 0.27
2038 1 0.28
2039 1 0.26
2040 1 0.27
2041 1 0.26
2042 1 0.27
2043 1 0.27
2044 1 0.26
2045 1 0.27
2046 1 0.26
2047 1 0.27
2048 1 0.26
2049 1 0.27
2050 1 0.27
2051 1 0.26
2052 1 0.27
2053 1 0.28
2054 1 0.26
2055 1 0.27
2056 1 0.26
2057 1 0.27
2058 1 0.28
2059 1 0.27
2060 1 0.26
2061 1 0.27
2062 1 0.28
2063 1 0.27
2064 1 0.26
2065 1 0.27
2066 1 0.28
2067 1 0.26
2068 1 0.27
2069 1 0.26
2070 1 0.29
2071 1 0.26
2072 1 0.27
2073 1 0.26
2074 1 0.26
2075 1 0.27
2076 1 0.28
2077 1 0.27
2078 1 0.26
2079 1 0.28
2080 1 0.27
2081 1 0.26
2082 1 0.29
2083 1 0.26
2084 1 0.28
2085 1 0.27
2086 1 0.26
2087 1 0.29
2088 1 0.26
2089 1 0.28
2090 1 0.27
2091 1 0.28
2092 1 0.26
2093 1 0.29
2094 1 0.26
2095 1 0.28
2096 1 0.27
2097 1 0.28
2098 1 0.27
2099 1 0.28
2100 1 0.26
2101 1 0.28
2102 1 0.27
2103 1 0.28
2104 1 0.27
2105 1 0.28
2106 1 0.26
2107 1 0.28
2108 1 0.27
2109 1 0.28
2110 1 0.27
2111 1 0.28
2112 1 0.28
2113 1 0.26
2114 1 0.29
2115 1 0.28
2116 1 0.26
2117 1 0.28
2118 1 0.29
2119 1 0.26
2120 1 0.28
2121 1 0.28
2122 1 0.27
2123 1 0.28
2124 1 0.28
2125 1 0.27
2126 1 0.28
2127 1 0.28
2128 1 0.27
2129 1 0.28
2130 1 0.28
2131 1 0.28
2132 1 0.26
2133 1 0.29
2134 1 0.26
2135 1 0.28
2136 1 0.28
2137 1 0.29
2138 1 0.28
2139 1 0.28
2140 1 0.28
2141 1 0.26
2142 1 0.29
2143 1 0.28
2144 1 0.28
2145 1 0.28
2146 1 0.28
2147 1 0.28
2148 1 0.27
2149 1 0.28
2150 1 0.28
2151 1 0.28
2152 1 0.28
2153 1 0.28
2154 1 0.29
2155 1 0.28
2156 1 0.28
2157 1 0.28
2158 1 0.28
2159 1 0.28
2160 1 0.28
2161 1 0.28
2162 1 0.29
2163 1 0.28
2164 1 0.28
2165 1 0.28
2166 1 0.3
2167 1 0.28
2168 1 0.28
2169 1 0.28
2170 1 0.28
2171 1 0.28
2172 1 0.28
2173 1 0.3
2174 1 0.28
2175 1 0.28
2176 1 0.28
2177 1 0.29
2178 1 0.28
2179 1 0.28
2180 1 0.29
2181 1 0.29
2182 1 0.28
2183 1 0.29
2184 1 0.29
2185 1 0.28
2186 1 0.28
2187 1 0.28
2188 1 0.3
2189 1 0.28
2190 1 0.28
2191 1 0.3
2192 1 0.28
2193 1 0.28
2194 1 0.29
2195 1 0.29
2196 1 0.28
2197 1 0.28
2198 1 0.3
2199 1 0.28
2200 1 0.28
2201 1 0.29
2202 1 0.29
2203 1 0.28
2204 1 0.29
2205 1 0.29
2206 1 0.29
2207 1 0.28
2208 1 0.28
2209 1 0.3
2210 1 0.28
2211 1 0.3
2212 1 0.28
2213 1 0.3
2214 1 0.28
2215 1 0.3
2216 1 0.28
2217 1 0.29
2218 1 0.29
2219 1 0.29
2220 1 0.28
2221 1 0.3
2222 1 0.28
2223 1 0.3
2224 1 0.28
2225 1 0.3
2226 1 0.29
2227 1 0.28
2228 1 0.3
2229 1 0.28
2230 1 0.3
2231 1 0.28
2232 1 0.3
2233 1 0.29
2234 1 0.3
2235 1 0.28
2236 1 0.3
2237 1 0.28
2238 1 0.3
2239 1 0.29
2240 1 0.3
2241 1 0.3
2242 1 0.28
2243 1 0.3
2244 1 0.29
2245 1 0.28
2246 1 0.3
2247 1 0.3
2248 1 0.28
2249 1 0.3
2250 1 0.29
2251 1 0.3
2252 1 0.3
2253 1 0.28
2254 1 0.3
2255 1 0.29
2256 1 0.3
2257 1 0.28
2258 1 0.3
2259 1 0.29
2260 1 0.3
2261 1 0.3
2262 1 0.29
2263 1 0.3
2264 1 0.28
2265 1 0.3
2266 1 0.3
2267 1 0.29
2268 1 0.3
2269 1 0.3
2270 1 0.29
2271 1 0.3
2272 1 0.3
2273 1 0.29
2274 1 0.3
2275 1 0.28
2276 1 0.3
2277 1 0.3
2278 1 0.29
2279 1 0.3
2280 1 0.3
2281 1 0.29
2282 1 0.3
2283 1 0.3
2284 1 0.29
2285 1 0.3
2286 1 0.3
2287 1 0.3
2288 1 0.31
2289 1 0.29
2290 1 0.3
2291 1 0.3
2292 1 0.3
2293 1 0.29
2294 1 0.3
2295 1 0.3
2296 1 0.29
2297 1 0.3
2298 1 0.3
2299 1 0.31
2300 1 0.3
2301 1 0.29
2302 1 0.3
2303 1 0.3
2304 1 0.29
2305 1 0.32
2306 1 0.29
2307 1 0.3
2308 1 0.31
2309 1 0.3
2310 1 0.3
2311 1 0.29
2312 1 0.32
2313 1 0.29
2314 1 0.3
2315 1 0.31
2316 1 0.3
2317 1 0.3
2318 1 0.31
2319 1 0.29
2320 1 0.3
2321 1 0.31
2322 1 0.3
2323 1 0.3
2324 1 0.31
2325 1 0.3
2326 1 0.29
2327 1 0.32
2328 1 0.29
2329 1 0.3
2330 1 0.31
2331 1 0.3
2332 1 0.31
2333 1 0.3
2334 1 0.31
2335 1 0.3
2336 1 0.3
2337 1 0.31
2338 1 0.29
2339 1 0.32
2340 1 0.29
2341 1 0.32
2342 1 0.29
2343 1 0.32
2344 1 0.29
2345 1 0.32
2346 1 0.29
2347 1 0.31
2348 1 0.3
2349 1 0.31
2350 1 0.32
2351 1 0.29
2352 1 0.32
2353 1 0.31
2354 1 0.3
2355 1 0.31
2356 1 0.29
2357 1 0.32
2358 1 0.31
2359 1 0.3
2360 1 0.31
2361 1 0.3
2362 1 0.31
2363 1 0.31
2364 1 0.31
2365 1 0.3
2366 1 0.31
2367 1 0.32
2368 1 0.29
2369 1 0.31
2370 1 0.32
2371 1 0.31
2372 1 0.3
2373 1 0.31
2374 1 0.31
2375 1 0.31
2376 1 0.3
2377 1 0.31
2378 1 0.32
2379 1 0.31
2380 1 0.31
2381 1 0.31
2382 1 0.32
2383 1 0.29
2384 1 0.32
2385 1 0.31
2386 1 0.31
2387 1 0.31
2388 1 0.32
2389 1 0.31
2390 1 0.31
2391 1 0.31
2392 1 0.32
2393 1 0.31
2394 1 0.31
2395 1 0.31
2396 1 0.32
2397 1 0.31
2398 1 0.31
2399 1 0.31
2400 1 0.32
2401 1 0.31
2402 1 0.31
2403 1 0.33
2404 1 0.31
2405 1 0.33
2406 1 0.33
2407 1 0.31
2408 1 0.31
2409 1 0.31
2410 1 0.32
2411 1 0.33
2412 1 0.31
2413 1 0.33
2414 1 0.31
2415 1 0.31
2416 1 0.31
2417 1 0.32
2418 1 0.31
2419 1 0.31
2420 1 0.33
2421 1 0.31
2422 1 0.31
2423 1 0.32
2424 1 0.31
2425 1 0.33
2426 1 0.31
2427 1 0.31
2428 1 0.31
2429 1 0.33
2430 1 0.32
2431 1 0.31
2432 1 0.33
2433 1 0.31
2434 1 0.31
2435 1 0.31
2436 1 0.33
2437 1 0.31
2438 1 0.32
2439 1 0.32
2440 1 0.32
2441 1 0.31
2442 1 0.33
2443 1 0.31
2444 1 0.33
2445 1 0.31
2446 1 0.31
2447 1 0.33
2448 1 0.31
2449 1 0.33
2450 1 0.31
2451 1 0.32
2452 1 0.33
2453 1 0.31
2454 1 0.33
2455 1 0.31
2456 1 0.33
2457 1 0.31
2458 1 0.33
2459 1 0.31
2460 1 0.33
2461 1 0.31
2462 1 0.33
2463 1 0.31
2464 1 0.33
2465 1 0.31
2466 1 0.33
2467 1 0.31
2468 1 0.33
2469 1 0.31
2470 1 0.33
2471 1 0.31
2472 1 0.33
2473 1 0.33
2474 1 0.31
2475 1 0.33
2476 1 0.31
2477 1 0.33
2478 1 0.33
2479 1 0.33
2480 1 0.33
2481 1 0.31
2482 1 0.33
2483 1 0.39
2484 1 0.37
2485 1 0.35
2486 1 0.42
2487 1 0.45
2488 1 0.34
2489 1 0.41
2490 1 0.34
2491 1 0.39
2492 1 0.41
2493 1 0.39
2494 1 0.35
2495 1 0.32
2496 1 0.33
2497 1 0.35
2498 1 0.32
2499 1 0.33
2500 1 0.35
2501 1 0.34
2502 1 0.33
2503 1 0.34
2504 1 0.33
2505 1 0.33
2506 1 0.34
2507 1 0.33
2508 1 0.34
2509 1 0.35
2510 1 0.32
2511 1 0.35
2512 1 0.33
2513 1 0.34
2514 1 0.34
2515 1 0.33
2516 1 0.33
2517 1 0.33
2518 1 0.33
2519 1 0.32
2520 1 0.35
2521 1 0.33
2522 1 0.32
2523 1 0.33
2524 1 0.33
2525 1 0.34
2526 1 0.33
2527 1 0.33
2528 1 0.34
2529 1 0.36
2530 1 0.33
2531 1 0.33
2532 1 0.34
2533 1 0.33
2534 1 0.35
2535 1 0.32
2536 1 0.35
2537 1 0.33
2538 1 0.34
2539 1 0.33
2540 1 0.34
2541 1 0.35
2542 1 0.34
2543 1 0.31
2544 1 0.35
2545 1 0.32
2546 1 0.35
2547 1 0.33
2548 1 0.34
2549 1 0.33
2550 1 0.33
2551 1 0.34
2552 1 0.33
2553 1 0.34
2554 1 0.33
2555 1 0.33
2556 1 0.34
2557 1 0.33
2558 1 0.34
2559 1 0.33
2560 1 0.34
2561 1 0.35
2562 1 0.33
2563 1 0.34
2564 1 0.33
2565 1 0.3
2566 1 0.34
2567 1 0.34
2568 1 0.33
2569 1 0.34
2570 1 0.33
2571 1 0.35
2572 1 0.34
2573 1 0.33
2574 1 0.34
2575 1 0.35
2576 1 0.32
2577 1 0.35
2578 1 0.34
2579 1 0.35
2580 1 0.34
2581 1 0.34
2582 1 0.35
2583 1 0.32
2584 1 0.35
2585 1 0.33
2586 1 0.34
2587 1 0.33
2588 1 0.34
2589 1 0.35
2590 1 0.32
2591 1 0.35
2592 1 0.34
2593 1 0.35
2594 1 0.34
2595 1 0.33
2596 1 0.34
2597 1 0.33
2598 1 0.34
2599 1 0.35
2600 1 0.34
2601 1 0.33
2602 1 0.34
2603 1 0.33
2604 1 0.34
2605 1 0.35
2606 1 0.34
2607 1 0.35
2608 1 0.34
2609 1 0.34
2610 1 0.35
2611 1 0.34
2612 1 0.34
2613 1 0.35
2614 1 0.34
2615 1 0.35
2616 1 0.34
2617 1 0.34
2618 1 0.35
2619 1 0.34
2620 1 0.34
2621 1 0.36
2622 1 0.35
2623 1 0.36
2624 1 0.34
2625 1 0.34
2626 1 0.36
2627 1 0.35
2628 1 0.34
2629 1 0.33
2630 1 0.36
2631 1 0.34
2632 1 0.33
2633 1 0.34
2634 1 0.35
2635 1 0.34
2636 1 0.35
2637 1 0.35
2638 1 0.35
2639 1 0.34
2640 1 0.35
2641 1 0.34
2642 1 0.34
2643 1 0.35
2644 1 0.34
2645 1 0.34
2646 1 0.35
2647 1 0.34
2648 1 0.36
2649 1 0.35
2650 1 0.34
2651 1 0.34
2652 1 0.35
2653 1 0.34
2654 1 0.34
2655 1 0.36
2656 1 0.35
2657 1 0.34
2658 1 0.34
2659 1 0.35
2660 1 0.36
2661 1 0.34
2662 1 0.35
2663 1 0.34
2664 1 0.36
2665 1 0.34
2666 1 0.35
2667 1 0.34
2668 1 0.36
2669 1 0.34
2670 1 0.35
2671 1 0.36
2672 1 0.34
2673 1 0.34
2674 1 0.36
2675 1 0.35
2676 1 0.34
2677 1 0.36
2678 1 0.34
2679 1 0.35
2680 1 0.36
2681 1 0.34
2682 1 0.34
2683 1 0.36
2684 1 0.35
2685 1 0.34
2686 1 0.36
2687 1 0.34
2688 1 0.36
2689 1 0.35
2690 1 0.36
2691 1 0.34
2692 1 0.34
2693 1 0.36
2694 1 0.36
2695 1 0.35
2696 1 0.36
2697 1 0.34
2698 1 0.36
2699 1 0.36
2700 1 0.36
2701 1 0.34
2702 1 0.36
2703 1 0.34
2704 1 0.36
2705 1 0.35
2706 1 0.36
2707 1 0.36
2708 1 0.34
2709 1 0.36
2710 1 0.36
2711 1 0.34
2712 1 0.36
2713 1 0.35
2714 1 0.36
2715 1 0.35
2716 1 0.35
2717 1 0.36
2718 1 0.34
2719 1 0.36
2720 1 0.36
2721 1 0.36
2722 1 0.36
2723 1 0.36
2724 1 0.34
2725 1 0.36
2726 1 0.36
2727 1 0.34
2728 1 0.36
2729 1 0.36
2730 1 0.36
2731 1 0.36
2732 1 0.36
2733 1 0.35
2734 1 0.35
2735 1 0.36
2736 1 0.36
2737 1 0.35
2738 1 0.36
2739 1 0.36
2740 1 0.36
2741 1 0.35
2742 1 0.36
2743 1 0.35
2744 1 0.36
2745 1 0.36
2746 1 0.36
2747 1 0.36
2748 1 0.35
2749 1 0.36
2750 1 0.36
2751 1 0.36
2752 1 0.36
2753 1 0.35
2754 1 0.36
2755 1 0.35
2756 1 0.36
2757 1 0.38
2758 1 0.36
2759 1 0.36
2760 1 0.36
2761 1 0.36
2762 1 0.36
2763 1 0.36
2764 1 0.35
2765 1 0.36
2766 1 0.36
2767 1 0.36
2768 1 0.36
2769 1 0.36
2770 1 0.36
2771 1 0.38
2772 1 0.37
2773 1 0.36
2774 1 0.38
2775 1 0.37
2776 1 0.36
2777 1 0.37
2778 1 0.38
2779 1 0.37
2780 1 0.38
2781 1 0.37
2782 1 0.36
2783 1 0.36
2784 1 0.38
2785 1 0.36
2786 1 0.37
2787 1 0.36
2788 1 0.36
2789 1 0.36
2790 1 0.38
2791 1 0.36
2792 1 0.35
2793 1 0.38
2794 1 0.36
2795 1 0.36
2796 1 0.37
2797 1 0.36
2798 1 0.36
2799 1 0.36
2800 1 0.38
2801 1 0.36
2802 1 0.36
2803 1 0.37
2804 1 0.36
2805 1 0.37
2806 1 0.36
2807 1 0.36
2808 1 0.38
2809 1 0.36
2810 1 0.36
2811 1 0.37
2812 1 0.36
2813 1 0.38
2814 1 0.37
2815 1 0.36
2816 1 0.38
2817 1 0.36
2818 1 0.37
2819 1 0.36
2820 1 0.37
2821 1 0.36
2822 1 0.38
2823 1 0.36
2824 1 0.37
2825 1 0.36
2826 1 0.38
2827 1 0.36
2828 1 0.37
2829 1 0.36
2830 1 0.38
2831 1 0.37
2832 1 0.36
2833 1 0.38
2834 1 0.37
2835 1 0.36
2836 1 0.38
2837 1 0.35
2838 1 0.38
2839 1 0.37
2840 1 0.36
2841 1 0.38
2842 1 0.37
2843 1 0.38
2844 1 0.36
2845 1 0.37
2846 1 0.38
2847 1 0.37
2848 1 0.36
2849 1 0.38
2850 1 0.37
2851 1 0.38
2852 1 0.36
2853 1 0.37
2854 1 0.38
2855 1 0.37
2856 1 0.36
2857 1 0.36
2858 1 0.37
2859 1 0.38
2860 1 0.37
2861 1 0.38
2862 1 0.36
2863 1 0.37
2864 1 0.38
2865 1 0.37
2866 1 0.38
2867 1 0.37
2868 1 0.38
2869 1 0.37
2870 1 0.38
2871 1 0.37
2872 1 0.38
2873 1 0.37
2874 1 0.38
2875 1 0.36
2876 1 0.37
2877 1 0.38
2878 1 0.37
2879 1 0.38
2880 1 0.37
2881 1 0.38
2882 1 0.37
2883 1 0.38
2884 1 0.37
2885 1 0.38
2886 1 0.37
2887 1 0.38
2888 1 0.37
2889 1 0.38
2890 1 0.39
2891 1 0.37
2892 1 0.39
2893 1 0.38
2894 1 0.37
2895 1 0.38
2896 1 0.37
2897 1 0.38
2898 1 0.37
2899 1 0.38
2900 1 0.39
2901 1 0.37
2902 1 0.38
2903 1 0.37
2904 1 0.38
2905 1 0.39
2906 1 0.37
2907 1 0.38
2908 1 0.37
2909 1 0.38
2910 1 0.39
2911 1 0.37
2912 1 0.38
2913 1 0.39
2914 1 0.37
2915 1 0.38
2916 1 0.39
2917 1 0.37
2918 1 0.4
2919 1 0.37
2920 1 0.39
2921 1 0.38
2922 1 0.37
2923 1 0.39
2924 1 0.38
2925 1 0.37
2926 1 0.39
2927 1 0.38
2928 1 0.37
2929 1 0.39
2930 1 0.38
2931 1 0.39
2932 1 0.37
2933 1 0.38
2934 1 0.39
2935 1 0.37
2936 1 0.39
2937 1 0.38
2938 1 0.39
2939 1 0.38
2940 1 0.39
2941 1 0.37
2942 1 0.39
2943 1 0.39
2944 1 0.38
2945 1 0.39
2946 1 0.39
2947 1 0.37
2948 1 0.39
2949 1 0.38
2950 1 0.39
2951 1 0.39
2952 1 0.38
2953 1 0.39
2954 1 0.37
2955 1 0.39
2956 1 0.39
2957 1 0.38
2958 1 0.39
2959 1 0.39
2960 1 0.39
2961 1 0.37
2962 1 0.39
2963 1 0.38
2964 1 0.39
2965 1 0.39
2966 1 0.38
2967 1 0.39
2968 1 0.39
2969 1 0.37
2970 1 0.39
2971 1 0.39
2972 1 0.39
2973 1 0.39
2974 1 0.4
2975 1 0.37
2976 1 0.39
2977 1 0.39
2978 1 0.39
2979 1 0.39
2980 1 0.39
2981 1 0.38
2982 1 0.39
2983 1 0.39
2984 1 0.39
2985 1 0.39
2986 1 0.39
2987 1 0.38
2988 1 0.39
2989 1 0.39
2990 1 0.39
2991 1 0.39
2992 1 0.39
2993 1 0.39
2994 1 0.39
2995 1 0.39
2996 1 0.39
2997 1 0.39
2998 1 0.39
2999 1 0.39
3000 1 0.41
3001 1 0.39
3002 1 0.39
3003 1 0.39
3004 1 0.39
3005 1 0.39
3006 1 0.38
3007 1 0.4
3008 1 0.4
3009 1 0.39
3010 1 0.39
3011 1 0.39
3012 1 0.39
3013 1 0.39
3014 1 0.39
3015 1 0.39
3016 1 0.39
3017 1 0.39
3018 1 0.39
3019 1 0.41
3020 1 0.39
3021 1 0.39
3022 1 0.39
3023 1 0.39
3024 1 0.39
3025 1 0.39
3026 1 0.41
3027 1 0.39
3028 1 0.39
3029 1 0.41
3030 1 0.39
3031 1 0.39
3032 1 0.39
3033 1 0.4
3034 1 0.39
3035 1 0.39
3036 1 0.41
3037 1 0.39
3038 1 0.39
3039 1 0.41
3040 1 0.39
3041 1 0.39
3042 1 0.41
3043 1 0.39
3044 1 0.39
3045 1 0.4
3046 1 0.39
3047 1 0.41
3048 1 0.41
3049 1 0.39
3050 1 0.4
3051 1 0.39
3052 1 0.41
3053 1 0.39
3054 1 0.39
3055 1 0.41
3056 1 0.39
3057 1 0.4
3058 1 0.4
3059 1 0.4
3060 1 0.39
3061 1 0.41
3062 1 0.39
3063 1 0.41
3064 1 0.39
3065 1 0.4
3066 1 0.39
3067 1 0.41
3068 1 0.39
3069 1 0.41
3070 1 0.4
3071 1 0.39
3072 1 0.41
3073 1 0.41
3074 1 0.4
3075 1 0.41
3076 1 0.39
3077 1 0.4
3078 1 0.4
3079 1 0.4
3080 1 0.41
3081 1 0.39
3082 1 0.4
3083 1 0.41
3084 1 0.39
3085 1 0.41
3086 1 0.4
3087 1 0.39
3088 1 0.41
3089 1 0.41
3090 1 0.4
3091 1 0.39
3092 1 0.41
3093 1 0.41
3094 1 0.4
3095 1 0.41
3096 1 0.39
3097 1 0.41
3098 1 0.4
3099 1 0.41
3100 1 0.4
3101 1 0.41
3102 1 0.41
3103 1 0.39
3104 1 0.4
3105 1 0.41
3106 1 0.41
3107 1 0.4
3108 1 0.41
3109 1 0.39
3110 1 0.41
3111 1 0.4
3112 1 0.41
3113 1 0.4
3114 1 0.41
3115 1 0.41
3116 1 0.4
3117 1 0.41
3118 1 0.41
3119 1 0.4
3120 1 0.41
3121 1 0.4
3122 1 0.41
3123 1 0.41
3124 1 0.4
3125 1 0.43
3126 1 0.4
3127 1 0.41
3128 1 0.4
3129 1 0.41
3130 1 0.41
3131 1 0.4
3132 1 0.42
3133 1 0.41
3134 1 0.41
3135 1 0.4
3136 1 0.41
3137 1 0.41
3138 1 0.4
3139 1 0.41
3140 1 0.4
3141 1 0.43
3142 1 0.4
3143 1 0.41
3144 1 0.41
3145 1 0.4
3146 1 0.41
3147 1 0.42
3148 1 0.41
3149 1 0.4
3150 1 0.41
3151 1 0.42
3152 1 0.41
3153 1 0.4
3154 1 0.42
3155 1 0.41
3156 1 0.42
3157 1 0.41
3158 1 0.41
3159 1 0.4
3160 1 0.42
3161 1 0.41
3162 1 0.41
3163 1 0.42
3164 1 0.4
3165 1 0.41
3166 1 0.42
3167 1 0.41
3168 1 0.42
3169 1 0.41
3170 1 0.42
3171 1 0.4
3172 1 0.41
3173 1 0.42
3174 1 0.41
3175 1 0.42
3176 1 0.41
3177 1 0.42
3178 1 0.42
3179 1 0.41
3180 1 0.4
3181 1 0.43
3182 1 0.4
3183 1 0.42
3184 1 0.41
3185 1 0.42
3186 1 0.41
3187 1 0.42
3188 1 0.41
3189 1 0.42
3190 1 0.4
3191 1 0.43
3192 1 0.42
3193 1 0.4
3194 1 0.43
3195 1 0.4
3196 1 0.42
3197 1 0.41
3198 1 0.42
3199 1 0.42
3200 1 0.41
3201 1 0.42
3202 1 0.42
3203 1 0.41
3204 1 0.42
3205 1 0.42
3206 1 0.41
3207 1 0.42
3208 1 0.42
3209 1 0.41
3210 1 0.42
3211 1 0.42
3212 1 0.41
3213 1 0.42
3214 1 0.42
3215 1 0.43
3216 1 0.4
3217 1 0.42
3218 1 0.43
3219 1 0.42
3220 1 0.42
3221 1 0.41
3222 1 0.42
3223 1 0.42
3224 1 0.42
3225 1 0.42
3226 1 0.43
3227 1 0.42
3228 1 0.42
3229 1 0.42
3230 1 0.42
3231 1 0.41
3232 1 0.42
3233 1 0.42
3234 1 0.42
3235 1 0.43
3236 1 0.42
3237 1 0.42
3238 1 0.42
3239 1 0.42
3240 1 0.43
3241 1 0.42
3242 1 0.42
3243 1 0.42
3244 1 0.42
3245 1 0.43
3246 1 0.42
3247 1 0.42
3248 1 0.42
3249 1 0.42
3250 1 0.42
3251 1 0.43
3252 1 0.43
3253 1 0.43
3254 1 0.42
3255 1 0.44
3256 1 0.42
3257 1 0.43
3258 1 0.44
3259 1 0.42
3260 1 0.44
3261 1 0.44
3262 1 0.44
3263 1 0.42
3264 1 0.44
3265 1 0.42
3266 1 0.42
3267 1 0.44
3268 1 0.42
3269 1 0.42
3270 1 0.42
3271 1 0.44
3272 1 0.42
3273 1 0.42
3274 1 0.43
3275 1 0.42
3276 1 0.44
3277 1 0.42
3278 1 0.42
3279 1 0.42
3280 1 0.44
3281 1 0.42
3282 1 0.42
3283 1 0.44
3284 1 0.42
3285 1 0.42
3286 1 0.44
3287 1 0.44
3288 1 0.42
3289 1 0.44
3290 1 0.42
3291 1 0.42
3292 1 0.44
3293 1 0.42
3294 1 0.42
3295 1 0.44
3296 1 0.42
3297 1 0.44
3298 1 0.42
3299 1 0.44
3300 1 0.44
3301 1 0.42
3302 1 0.44
3303 1 0.42
3304 1 0.44
3305 1 0.42
3306 1 0.43
3307 1 0.43
3308 1 0.43
3309 1 0.43
3310 1 0.43
3311 1 0.44
3312 1 0.42
3313 1 0.44
3314 1 0.42
3315 1 0.44
3316 1 0.44
3317 1 0.42
3318 1 0.44
3319 1 0.42
3320 1 0.44
3321 1 0.43
3322 1 0.43
3323 1 0.43
3324 1 0.44
3325 1 0.42
3326 1 0.44
3327 1 0.42
3328 1 0.42
3329 1 0.44
3330 1 0.42
3331 1 0.44
3332 1 0.44
3333 1 0.44
3334 1 0.43
3335 1 0.42
3336 1 0.46
3337 1 0.44
3338 1 0.43
3339 1 0.42
3340 1 0.44
3341 1 0.44
3342 1 0.44
3343 1 0.42
3344 1 0.43
3345 1 0.43
3346 1 0.44
3347 1 0.44
3348 1 0.44
3349 1 0.43
3350 1 0.44
3351 1 0.44
3352 1 0.42
3353 1 0.44
3354 1 0.44
3355 1 0.43
3356 1 0.46
3357 1 0.45
3358 1 0.44
3359 1 0.45
3360 1 0.44
3361 1 0.44
3362 1 0.43
3363 1 0.44
3364 1 0.44
3365 1 0.44
3366 1 0.43
3367 1 0.44
3368 1 0.44
3369 1 0.45
3370 1 0.44
3371 1 0.44
3372 1 0.43
3373 1 0.44
3374 1 0.44
3375 1 0.44
3376 1 0.43
3377 1 0.46
3378 1 0.43
3379 1 0.44
3380 1 0.44
3381 1 0.44
3382 1 0.43
3383 1 0.46
3384 1 0.43
3385 1 0.44
3386 1 0.44
3387 1 0.44
3388 1 0.43
3389 1 0.46
3390 1 0.44
3391 1 0.45
3392 1 0.44
3393 1 0.43
3394 1 0.44
3395 1 0.45
3396 1 0.44
3397 1 0.44
3398 1 0.45
3399 1 0.44
3400 1 0.44
3401 1 0.43
3402 1 0.46
3403 1 0.44
3404 1 0.46
3405 1 0.44
3406 1 0.45
3407 1 0.47
3408 1 0.44
3409 1 0.44
3410 1 0.45
3411 1 0.44
3412 1 0.45
3413 1 0.44
3414 1 0.45
3415 1 0.44
3416 1 0.45
3417 1 0.44
3418 1 0.44
3419 1 0.45
3420 1 0.44
3421 1 0.45
3422 1 0.44
3423 1 0.45
3424 1 0.44
3425 1 0.44
3426 1 0.45
3427 1 0.45
3428 1 0.44
3429 1 0.45
3430 1 0.44
3431 1 0.46
3432 1 0.43
3433 1 0.46
3434 1 0.45
3435 1 0.44
3436 1 0.45
3437 1 0.45
3438 1 0.44
3439 1 0.45
3440 1 0.46
3441 1 0.43
3442 1 0.46
3443 1 0.43
3444 1 0.46
3445 1 0.45
3446 1 0.44
3447 1 0.45
3448 1 0.45
3449 1 0.44
3450 1 0.46
3451 1 0.45
3452 1 0.45
3453 1 0.45
3454 1 0.46
3455 1 0.45
3456 1 0.44
3457 1 0.45
3458 1 0.45
3459 1 0.46
3460 1 0.45
3461 1 0.45
3462 1 0.44
3463 1 0.45
3464 1 0.46
3465 1 0.45
3466 1 0.44
3467 1 0.45
3468 1 0.45
3469 1 0.46
3470 1 0.45
3471 1 0.45
3472 1 0.46
3473 1 0.45
3474 1 0.45
3475 1 0.44
3476 1 0.45
3477 1 0.47
3478 1 0.46
3479 1 0.45
3480 1 0.45
3481 1 0.44
3482 1 0.45
3483 1 0.46
3484 1 0.45
3485 1 0.45
3486 1 0.46
3487 1 0.45
3488 1 0.45
3489 1 0.45
3490 1 0.46
3491 1 0.45
3492 1 0.45
3493 1 0.46
3494 1 0.45
3495 1 0.45
3496 1 0.46
3497 1 0.45
3498 1 0.47
3499 1 0.45
3500 1 0.45
3501 1 0.46
3502 1 0.45
3503 1 0.47
3504 1 0.45
3505 1 0.46
3506 1 0.45
3507 1 0.45
3508 1 0.47
3509 1 0.45
3510 1 0.46
3511 1 0.45
3512 1 0.47
3513 1 0.45
3514 1 0.46
3515 1 0.45
3516 1 0.45
3517 1 0.47
3518 1 0.45
3519 1 0.46
3520 1 0.45
3521 1 0.47
3522 1 0.45
3523 1 0.47
3524 1 0.45
3525 1 0.47
3526 1 0.46
3527 1 0.45
3528 1 0.47
3529 1 0.45
3530 1 0.45
3531 1 0.47
3532 1 0.46
3533 1 0.46
3534 1 0.46
3535 1 0.45
3536 1 0.47
3537 1 0.45
3538 1 0.47
3539 1 0.45
3540 1 0.47
3541 1 0.46
3542 1 0.46
3543 1 0.46
3544 1 0.45
3545 1 0.47
3546 1 0.47
3547 1 0.45
3548 1 0.47
3549 1 0.45
3550 1 0.47
3551 1 0.46
3552 1 0.46
3553 1 0.46
3554 1 0.47
3555 1 0.45
3556 1 0.47
3557 1 0.47
3558 1 0.45
3559 1 0.47
3560 1 0.45
3561 1 0.47
3562 1 0.47
3563 1 0.47
3564 1 0.47
3565 1 0.47
3566 1 0.45
3567 1 0.47
3568 1 0.47
3569 1 0.46
3570 1 0.47
3571 1 0.46
3572 1 0.47
3573 1 0.46
3574 1 0.46
3575 1 0.47
3576 1 0.46
3577 1 0.47
3578 1 0.47
3579 1 0.47
3580 1 0.45
3581 1 0.47
3582 1 0.47
3583 1 0.47
3584 1 0.47
3585 1 0.47
3586 1 0.47
3587 1 0.47
3588 1 0.45
3589 1 0.47
3590 1 0.47
3591 1 0.46
3592 1 0.47
3593 1 0.47
3594 1 0.47
3595 1 0.47
3596 1 0.45
3597 1 0.47
3598 1 0.47
3599 1 0.47
3600 1 0.47
3601 1 0.47
3602 1 0.47
3603 1 0.46
3604 1 0.47
3605 1 0.47
3606 1 0.47
3607 1 0.48
3608 1 0.47
3609 1 0.47
3610 1 0.47
3611 1 0.47
3612 1 0.47
3613 1 0.47
3614 1 0.47
3615 1 0.48
3616 1 0.47
3617 1 0.47
3618 1 0.47
3619 1 0.47
3620 1 0.46
3621 1 0.47
3622 1 0.47
3623 1 0.47
3624 1 0.47
3625 1 0.48
3626 1 0.47
3627 1 0.47
3628 1 0.47
3629 1 0.47
3630 1 0.48
3631 1 0.49
3632 1 0.47
3633 1 0.46
3634 1 0.47
3635 1 0.47
3636 1 0.49
3637 1 0.47
3638 1 0.46
3639 1 0.47
3640 1 0.49
3641 1 0.47
3642 1 0.48
3643 1 0.47
3644 1 0.47
3645 1 0.48
3646 1 0.47
3647 1 0.47
3648 1 0.48
3649 1 0.47
3650 1 0.49
3651 1 0.47
3652 1 0.48
3653 1 0.48
3654 1 0.47
3655 1 0.49
3656 1 0.47
3657 1 0.48
3658 1 0.47
3659 1 0.48
3660 1 0.47
3661 1 0.49
3662 1 0.47
3663 1 0.48
3664 1 0.47
3665 1 0.48
3666 1 0.49
3667 1 0.5
3668 1 0.5
3669 1 0.48
3670 1 0.49
3671 1 0.48
3672 1 0.49
3673 1 0.48
3674 1 0.47
3675 1 0.48
3676 1 0.5
3677 1 0.47
3678 1 0.49
3679 1 0.48
3680 1 0.47
3681 1 0.48
3682 1 0.49
3683 1 0.48
3684 1 0.47
3685 1 0.49
3686 1 0.48
3687 1 0.47
3688 1 0.48
3689 1 0.49
3690 1 0.48
3691 1 0.47
3692 1 0.48
3693 1 0.49
3694 1 0.48
3695 1 0.49
3696 1 0.48
3697 1 0.49
3698 1 0.47
3699 1 0.48
3700 1 0.48
3701 1 0.49
3702 1 0.48
3703 1 0.47
3704 1 0.49
3705 1 0.48
3706 1 0.48
3707 1 0.49
3708 1 0.48
3709 1 0.49
3710 1 0.48
3711 1 0.47
3712 1 0.49
3713 1 0.48
3714 1 0.48
3715 1 0.49
3716 1 0.48
3717 1 0.49
3718 1 0.48
3719 1 0.49
3720 1 0.48
3721 1 0.48
3722 1 0.49
3723 1 0.48
3724 1 0.49
3725 1 0.48
3726 1 0.49
3727 1 0.48
3728 1 0.49
3729 1 0.48
3730 1 0.48
3731 1 0.49
3732 1 0.48
3733 1 0.49
3734 1 0.5
3735 1 0.48
3736 1 0.49
3737 1 0.48
3738 1 0.48
3739 1 0.49
3740 1 0.48
3741 1 0.49
3742 1 0.5
3743 1 0.48
3744 1 0.49
3745 1 0.48
3746 1 0.49
3747 1 0.48
3748 1 0.48
3749 1 0.5
3750 1 0.49
3751 1 0.48
3752 1 0.49
3753 1 0.48
3754 1 0.49
3755 1 0.5
3756 1 0.48
3757 1 0.48
3758 1 0.5
3759 1 0.49
3760 1 0.48
3761 1 0.5
3762 1 0.49
3763 1 0.48
3764 1 0.5
3765 1 0.49
3766 1 0.5
3767 1 0.48
3768 1 0.49
3769 1 0.48
3770 1 0.5
3771 1 0.48
3772 1 0.5
3773 1 0.49
3774 1 0.5
3775 1 0.48
3776 1 0.5
3777 1 0.49
3778 1 0.5
3779 1 0.5
3780 1 0.5
3781 1 0.48
3782 1 0.49
3783 1 0.5
3784 1 0.48
3785 1 0.5
3786 1 0.5
3787 1 0.48
3788 1 0.5
3789 1 0.49
3790 1 0.5
3791 1 0.48
3792 1 0.5
3793 1 0.49
3794 1 0.5
3795 1 0.5
3796 1 0.5
3797 1 0.48
3798 1 0.5
3799 1 0.49
3800 1 0.5
3801 1 0.5
3802 1 0.5
3803 1 0.5
3804 1 0.5
3805 1 0.48
3806 1 0.5
3807 1 0.49
3808 1 0.5
3809 1 0.5
3810 1 0.48
3811 1 0.5
3812 1 0.5
3813 1 0.5
3814 1 0.48
3815 1 0.5
3816 1 0.5
3817 1 0.49
3818 1 0.5
3819 1 0.5
3820 1 0.5
3821 1 0.48
3822 1 0.52
3823 1 0.48
3824 1 0.5
3825 1 0.5
3826 1 0.5
3827 1 0.5
3828 1 0.49
3829 1 0.5
3830 1 0.5
3831 1 0.5
3832 1 0.5
3833 1 0.5
3834 1 0.5
3835 1 0.5
3836 1 0.5
3837 1 0.5
3838 1 0.5
3839 1 0.48
3840 1 0.5
3841 1 0.5
3842 1 0.5
3843 1 0.5
3844 1 0.5
3845 1 0.5
3846 1 0.5
3847 1 0.5
3848 1 0.5
3849 1 0.5
3850 1 0.5
3851 1 0.5
3852 1 0.5
3853 1 0.5
3854 1 0.5
3855 1 0.5
3856 1 0.5
3857 1 0.5
3858 1 0.5
3859 1 0.5
3860 1 0.5
3861 1 0.5
3862 1 0.52
3863 1 0.5
3864 1 0.5
3865 1 0.5
3866 1 0.5
3867 1 0.5
3868 1 0.51
3869 1 0.5
3870 1 0.5
3871 1 0.5
3872 1 0.5
3873 1 0.5
3874 1 0.52
3875 1 0.5
3876 1 0.5
3877 1 0.5
3878 1 0.5
3879 1 0.51
3880 1 0.5
3881 1 0.5
3882 1 0.5
3883 1 0.52
3884 1 0.5
3885 1 0.52
3886 1 0.51
3887 1 0.5
3888 1 0.5
3889 1 0.52
3890 1 0.5
3891 1 0.5
3892 1 0.51
3893 1 0.5
3894 1 0.52
3895 1 0.5
3896 1 0.51
3897 1 0.5
3898 1 0.5
3899 1 0.52
3900 1 0.5
3901 1 0.51
3902 1 0.5
3903 1 0.52
3904 1 0.5
3905 1 0.52
3906 1 0.51
3907 1 0.5
3908 1 0.52
3909 1 0.5
3910 1 0.51
3911 1 0.5
3912 1 0.52
3913 1 0.51
3914 1 0.5
3915 1 0.52
3916 1 0.5
3917 1 0.52
3918 1 0.5
3919 1 0.51
3920 1 0.5
3921 1 0.52
3922 1 0.51
3923 1 0.5
3924 1 0.52
3925 1 0.51
3926 1 0.52
3927 1 0.51
3928 1 0.5
3929 1 0.52
3930 1 0.5
3931 1 0.52
3932 1 0.51
3933 1 0.52
3934 1 0.5
3935 1 0.51
3936 1 0.52
3937 1 0.51
3938 1 0.5
3939 1 0.52
3940 1 0.52
3941 1 0.51
3942 1 0.52
3943 1 0.5
3944 1 0.51
3945 1 0.52
3946 1 0.51
3947 1 0.52
3948 1 0.51
3949 1 0.5
3950 1 0.52
3951 1 0.52
3952 1 0.51
3953 1 0.52
3954 1 0.51
3955 1 0.52
3956 1 0.51
3957 1 0.52
3958 1 0.52
3959 1 0.51
3960 1 0.52
3961 1 0.5
3962 1 0.51
3963 1 0.52
3964 1 0.51
3965 1 0.52
3966 1 0.51
3967 1 0.54
3968 1 0.51
3969 1 0.52
3970 1 0.51
3971 1 0.52
3972 1 0.51
3973 1 0.52
3974 1 0.52
3975 1 0.51
3976 1 0.52
3977 1 0.51
3978 1 0.52
3979 1 0.51
3980 1 0.53
3981 1 0.52
3982 1 0.52
3983 1 0.51
3984 1 0.52
3985 1 0.53
3986 1 0.51
3987 1 0.52
3988 1 0.52
3989 1 0.51
3990 1 0.53
3991 1 0.52
3992 1 0.51
3993 1 0.52
3994 1 0.51
3995 1 0.54
3996 1 0.51
3997 1 0.52
3998 1 0.51
3999 1 0.52
4000 1 0.53
4001 1 0.52
4002 1 0.51
4003 1 0.52
4004 1 0.53
4005 1 0.51
4006 1 0.52
4007 1 0.53
4008 1 0.53
4009 1 0.52
4010 1 0.53
4011 1 0.51
4012 1 0.54
4013 1 0.53
4014 1 0.54
4015 1 0.53
4016 1 0.54
4017 1 0.51
4018 1 0.52
4019 1 0.53
4020 1 0.51
4021 1 0.52
4022 1 0.53
4023 1 0.51
4024 1 0.53
4025 1 0.52
4026 1 0.51
4027 1 0.54
4028 1 0.53
4029 1 0.53
4030 1 0.51
4031 1 0.54
4032 1 0.53
4033 1 0.51
4034 1 0.53
4035 1 0.52
4036 1 0.53
4037 1 0.52
4038 1 0.53
4039 1 0.53
4040 1 0.51
4041 1 0.54
4042 1 0.53
4043 1 0.51
4044 1 0.53
4045 1 0.53
4046 1 0.52
4047 1 0.53
4048 1 0.53
4049 1 0.53
4050 1 0.54
4051 1 0.53
4052 1 0.51
4053 1 0.53
4054 1 0.53
4055 1 0.54
4056 1 0.51
4057 1 0.53
4058 1 0.53
4059 1 0.54
4060 1 0.53
4061 1 0.51
4062 1 0.53
4063 1 0.53
4064 1 0.54
4065 1 0.53
4066 1 0.53
4067 1 0.55
4068 1 0.53
4069 1 0.53
4070 1 0.53
4071 1 0.53
4072 1 0.53
4073 1 0.53
4074 1 0.53
4075 1 0.54
4076 1 0.53
4077 1 0.53
4078 1 0.53
4079 1 0.51
4080 1 0.54
4081 1 0.53
4082 1 0.53
4083 1 0.53
4084 1 0.53
4085 1 0.53
4086 1 0.53
4087 1 0.53
4088 1 0.54
4089 1 0.53
4090 1 0.53
4091 1 0.53
4092 1 0.53
4093 1 0.53
4094 1 0.53
4095 1 0.53
