0 8 0
1 8 0
2 8 0
3 8 0
4 8 0
5 8 0
6 8 0
7 8 0
8 8 0
9 8 0
10 8 0
11 8 0
12 8 0
13 8 0
14 8 0.02
15 8 0
16 8 0
17 8 0
18 8 0
19 8 0
20 8 0
21 8 0
22 8 0
23 8 0
24 8 0
25 8 0
26 8 0
27 8 0
28 8 0
29 8 0
30 8 0
31 8 0
32 8 0
33 8 0
34 8 0
35 8 0
36 8 0
37 8 0
38 8 0.01
39 8 0
40 8 0
41 8 0
42 8 0
43 8 0
44 8 0
45 8 0
46 8 0
47 8 0
48 8 0
49 8 0
50 8 0
51 8 0
52 8 0
53 8 0
54 8 0.02
55 8 0
56 8 0
57 8 0
58 8 0
59 8 0
60 8 0
61 8 0
62 8 0
63 8 0
64 8 0
65 8 0
66 8 0
67 8 0
68 8 0
69 8 0
70 8 0
71 8 0
72 8 0
73 8 0.01
74 8 0
75 8 0
76 8 0
77 8 0
78 8 0
79 8 0
80 8 0
81 8 0
82 8 0
83 8 0
84 8 0
85 8 0.02
86 8 0
87 8 0
88 8 0
89 8 0
90 8 0
91 8 0
92 8 0
93 8 0
94 8 0
95 8 0
96 8 0.01
97 8 0
98 8 0
99 8 0
100 8 0
101 8 0
102 8 0
103 8 0
104 8 0
105 8 0
106 8 0.02
107 8 0
108 8 0
109 8 0
110 8 0
111 8 0
112 8 0
113 8 0
114 8 0
115 8 0.02
116 8 0
117 8 0
118 8 0
119 8 0
120 8 0
121 8 0
122 8 0
123 8 0.01
124 8 0
125 8 0
126 8 0
127 8 0
128 8 0
129 8 0
130 8 0.02
131 8 0
132 8 0
133 8 0
134 8 0
135 8 0
136 8 0
137 8 0
138 8 0.01
139 8 0
140 8 0
141 8 0
142 8 0
143 8 0
144 8 0
145 8 0.02
146 8 0
147 8 0
148 8 0
149 8 0
150 8 0
151 8 0
152 8 0.01
153 8 0
154 8 0
155 8 0
156 8 0
157 8 0
158 8 0.02
159 8 0
160 8 0
161 8 0
162 8 0
163 8 0
164 8 0.02
165 8 0
166 8 0
167 8 0
168 8 0
169 8 0
170 8 0
171 8 0.01
172 8 0
173 8 0
174 8 0
175 8 0
176 8 0.02
177 8 0
178 8 0
179 8 0
180 8 0
181 8 0
182 8 0.01
183 8 0
184 8 0
185 8 0
186 8 0
187 8 0.02
188 8 0
189 8 0
190 8 0
191 8 0
192 8 0.01
193 8 0
194 8 0
195 8 0
196 8 0
197 8 0
198 8 0.02
199 8 0
200 8 0
201 8 0
202 8 0.01
203 8 0
204 8 0
205 8 0
206 8 0
207 8 0.02
208 8 0
209 8 0
210 8 0
211 8 0
212 8 0.02
213 8 0
214 8 0
215 8 0
216 8 0
217 8 0.01
218 8 0
219 8 0
220 8 0
221 8 0.02
222 8 0
223 8 0
224 8 0
225 8 0
226 8 0.01
227 8 0
228 8 0
229 8 0
230 8 0.02
231 8 0
232 8 0
233 8 0
234 8 0.01
235 8 0
236 8 0
237 8 0
238 8 0
239 8 0.02
240 8 0
241 8 0
242 8 0
243 8 0.02
244 8 0
245 8 0
246 8 0
247 8 0.01
248 8 0
249 8 0
250 8 0
251 8 0.02
252 8 0
253 8 0
254 8 0.01
255 8 0
256 8 0
257 8 0.02
258 8 0
259 8 0
260 8 0
261 8 0.01
262 8 0
263 8 0
264 8 0.02
265 8 0
266 8 0
267 8 0
268 8 0.01
269 8 0
270 8 0
271 8 0
272 8 0.02
273 8 0
274 8 0
275 8 0.02
276 8 0
277 8 0
278 8 0
279 8 0.01
280 8 0
281 8 0
282 8 0.02
283 8 0
284 8 0
285 8 0
286 8 0.01
287 8 0
288 8 0
289 8 0.02
290 8 0
291 8 0
292 8 0.01
293 8 0
294 8 0
295 8 0.02
296 8 0
297 8 0.02
298 8 0
299 8 0
300 8 0
301 8 0.01
302 8 0
303 8 0
304 8 0.02
305 8 0
306 8 0.01
307 8 0
308 8 0
309 8 0.02
310 8 0
311 8 0
312 8 0.01
313 8 0
314 8 0
315 8 0.02
316 8 0
317 8 0
318 8 0.01
319 8 0
320 8 0
321 8 0.02
322 8 0
323 8 0.02
324 8 0
325 8 0
326 8 0.01
327 8 0
328 8 0.02
329 8 0
330 8 0
331 8 0.01
332 8 0
333 8 0
334 8 0.02
335 8 0
336 8 0
337 8 0.01
338 8 0
339 8 0
340 8 0.02
341 8 0
342 8 0
343 8 0.02
344 8 0
345 8 0
346 8 0.01
347 8 0
348 8 0
349 8 0.02
350 8 0
351 8 0.01
352 8 0
353 8 0
354 8 0.02
355 8 0
356 8 0
357 8 0.01
358 8 0
359 8 0
360 8 0.02
361 8 0
362 8 0.01
363 8 0
364 8 0
365 8 0.02
366 8 0
367 8 0
368 8 0.02
369 8 0
370 8 0.01
371 8 0
372 8 0
373 8 0.02
374 8 0
375 8 0
376 8 0.01
377 8 0
378 8 0.02
379 8 0
380 8 0
381 8 0.01
382 8 0
383 8 0.02
384 8 0
385 8 0
386 8 0.02
387 8 0
388 8 0.01
389 8 0
390 8 0
391 8 0.02
392 8 0
393 8 0.01
394 8 0
395 8 0
396 8 0.02
397 8 0
398 8 0.01
399 8 0
400 8 0
401 8 0.02
402 8 0
403 8 0.01
404 8 0
405 8 0.02
406 8 0
407 8 0
408 8 0.02
409 8 0
410 8 0.01
411 8 0
412 8 0
413 8 0.02
414 8 0
415 8 0.01
416 8 0
417 8 0.02
418 8 0
419 8 0
420 8 0.01
421 8 0
422 8 0.02
423 8 0
424 8 0.02
425 8 0
426 8 0
427 8 0.01
428 8 0
429 8 0.02
430 8 0
431 8 0.01
432 8 0
433 8 0.02
434 8 0
435 8 0
436 8 0.01
437 8 0
438 8 0.02
439 8 0
440 8 0.01
441 8 0
442 8 0.02
443 8 0
444 8 0.02
445 8 0
446 8 0
447 8 0.01
448 8 0
449 8 0.02
450 8 0
451 8 0.01
452 8 0
453 8 0.02
454 8 0
455 8 0.01
456 8 0
457 8 0.02
458 8 0
459 8 0
460 8 0.02
461 8 0
462 8 0.01
463 8 0
464 8 0.02
465 8 0
466 8 0.01
467 8 0
468 8 0.02
469 8 0
470 8 0.01
471 8 0
472 8 0.02
473 8 0
474 8 0.01
475 8 0
476 8 0.02
477 8 0
478 8 0.02
479 8 0
480 8 0.01
481 8 0
482 8 0.02
483 8 0
484 8 0.01
485 8 0
486 8 0.02
487 8 0
488 8 0.01
489 8 0
490 8 0.02
491 8 0
492 8 0.02
493 8 0
494 8 0.01
495 8 0
496 8 0.02
497 8 0
498 8 0.01
499 8 0
500 8 0.02
501 8 0
502 8 0.01
503 8 0
504 8 0.02
505 8 0
506 8 0.01
507 8 0
508 8 0.02
509 8 0
510 8 0.02
511 8 0.01
512 8 0
513 8 0.02
514 8 0
515 8 0.01
516 8 0
517 8 0.02
518 8 0
519 8 0.01
520 8 0
521 8 0.02
522 8 0
523 8 0.02
524 8 0
525 8 0.01
526 8 0
527 8 0.02
528 8 0.01
529 8 0
530 8 0.02
531 8 0
532 8 0.01
533 8 0
534 8 0.02
535 8 0
536 8 0.01
537 8 0.02
538 8 0
539 8 0.02
540 8 0
541 8 0.01
542 8 0
543 8 0.02
544 8 0
545 8 0.01
546 8 0.02
547 8 0
548 8 0.01
549 8 0
550 8 0.02
551 8 0
552 8 0.02
553 8 0.01
554 8 0
555 8 0.02
556 8 0
557 8 0.01
558 8 0
559 8 0.02
560 8 0.01
561 8 0
562 8 0.02
563 8 0
564 8 0.01
565 8 0.02
566 8 0
567 8 0.02
568 8 0
569 8 0.01
570 8 0
571 8 0.02
572 8 0.01
573 8 0
574 8 0.02
575 8 0
576 8 0.01
577 8 0.02
578 8 0
579 8 0.02
580 8 0.01
581 8 0
582 8 0.02
583 8 0.01
584 8 0
585 8 0.02
586 8 0.01
587 8 0
588 8 0.02
589 8 0.01
590 8 0.02
591 8 0
592 8 0.02
593 8 0.01
594 8 0
595 8 0.02
596 8 0.01
597 8 0
598 8 0.02
599 8 0.01
600 8 0.02
601 8 0
602 8 0.02
603 8 0.01
604 8 0
605 8 0.02
606 8 0.01
607 8 0
608 8 0.02
609 8 0.01
610 8 0.02
611 8 0
612 8 0.01
613 8 0.02
614 8 0
615 8 0.02
616 8 0.01
617 8 0.02
618 8 0
619 8 0.01
620 8 0.02
621 8 0
622 8 0.01
623 8 0.02
624 8 0.02
625 8 0
626 8 0.01
627 8 0.02
628 8 0
629 8 0.01
630 8 0.02
631 8 0.01
632 8 0
633 8 0.02
634 8 0.01
635 8 0.02
636 8 0
637 8 0.02
638 8 0.01
639 8 0
640 8 0.02
641 8 0.01
642 8 0.02
643 8 0
644 8 0.01
645 8 0.02
646 8 0.02
647 8 0
648 8 0.01
649 8 0.02
650 8 0.01
651 8 0
652 8 0.02
653 8 0.01
654 8 0.02
655 8 0
656 8 0.01
657 8 0.02
658 8 0.02
659 8 0
660 8 0.01
661 8 0.02
662 8 0.01
663 8 0.02
664 8 0
665 8 0.01
666 8 0.02
667 8 0.02
668 8 0
669 8 0.01
670 8 0.02
671 8 0.01
672 8 0.02
673 8 0
674 8 0.01
675 8 0.02
676 8 0.01
677 8 0
678 8 0.02
679 8 0.02
680 8 0.01
681 8 0.02
682 8 0
683 8 0.01
684 8 0.02
685 8 0.01
686 8 0.02
687 8 0
688 8 0.02
689 8 0.01
690 8 0.02
691 8 0.01
692 8 0
693 8 0.02
694 8 0.01
695 8 0.02
696 8 0
697 8 0.01
698 8 0.02
699 8 0.02
700 8 0
701 8 0.01
702 8 0.02
703 8 0.01
704 8 0
705 8 0.02
706 8 0.01
707 8 0
708 8 0.02
709 8 0.02
710 8 0.01
711 8 0
712 8 0.02
713 8 0.01
714 8 0.02
715 8 0
716 8 0.01
717 8 0.02
718 8 0.01
719 8 0
720 8 0.02
721 8 0.02
722 8 0.01
723 8 0
724 8 0.02
725 8 0.01
726 8 0.02
727 8 0
728 8 0.01
729 8 0.02
730 8 0.02
731 8 0
732 8 0.01
733 8 0.02
734 8 0.01
735 8 0
736 8 0.02
737 8 0.01
738 8 0.02
739 8 0.01
740 8 0.02
741 8 0
742 8 0.02
743 8 0.01
744 8 0.02
745 8 0.01
746 8 0
747 8 0.02
748 8 0.01
749 8 0.02
750 8 0.02
751 8 0.01
752 8 0.02
753 8 0
754 8 0.01
755 8 0.02
756 8 0.01
757 8 0.02
758 8 0.01
759 8 0.02
760 8 0.02
761 8 0
762 8 0.01
763 8 0.02
764 8 0.01
765 8 0.02
766 8 0.01
767 8 0.02
768 8 0
769 8 0.02
770 8 0.01
771 8 0.02
772 8 0.01
773 8 0.02
774 8 0.01
775 8 0.02
776 8 0.01
777 8 0
778 8 0.02
779 8 0.02
780 8 0.01
781 8 0.02
782 8 0.01
783 8 0.02
784 8 0.01
785 8 0.02
786 8 0
787 8 0.02
788 8 0.01
789 8 0.02
790 8 0.01
791 8 0.02
792 8 0.01
793 8 0.02
794 8 0.01
795 8 0
796 8 0.02
797 8 0.02
798 8 0.01
799 8 0.02
800 8 0.01
801 8 0.02
802 8 0.01
803 8 0.02
804 8 0.02
805 8 0.01
806 8 0.02
807 8 0
808 8 0.01
809 8 0.02
810 8 0.01
811 8 0.02
812 8 0.01
813 8 0.02
814 8 0.02
815 8 0.01
816 8 0.02
817 8 0.01
818 8 0.02
819 8 0
820 8 0.01
821 8 0.02
822 8 0.02
823 8 0.01
824 8 0.02
825 8 0.01
826 8 0.02
827 8 0.01
828 8 0.02
829 8 0.01
830 8 0.02
831 8 0.02
832 8 0.01
833 8 0.02
834 8 0.01
835 8 0.02
836 8 0
837 8 0.01
838 8 0.02
839 8 0.02
840 8 0.01
841 8 0.02
842 8 0.01
843 8 0.02
844 8 0.01
845 8 0.02
846 8 0.01
847 8 0.02
848 8 0.02
849 8 0.01
850 8 0.02
851 8 0.01
852 8 0.02
853 8 0.01
854 8 0.02
855 8 0.02
856 8 0.01
857 8 0.02
858 8 0.01
859 8 0.02
860 8 0.01
861 8 0.02
862 8 0.01
863 8 0
864 8 0.02
865 8 0.02
866 8 0.01
867 8 0.02
868 8 0.01
869 8 0.02
870 8 0.01
871 8 0.02
872 8 0.02
873 8 0.01
874 8 0.02
875 8 0.01
876 8 0.02
877 8 0.01
878 8 0.02
879 8 0.01
880 8 0.02
881 8 0.02
882 8 0.01
883 8 0.02
884 8 0.01
885 8 0.02
886 8 0.01
887 8 0.02
888 8 0.02
889 8 0.01
890 8 0.02
891 8 0.01
892 8 0.02
893 8 0.01
894 8 0.02
895 8 0.01
896 8 0.02
897 8 0.02
898 8 0.01
899 8 0.02
900 8 0.01
901 8 0.02
902 8 0.01
903 8 0.02
904 8 0.02
905 8 0.01
906 8 0.02
907 8 0.01
908 8 0.02
909 8 0.01
910 8 0.02
911 8 0.01
912 8 0.02
913 8 0.02
914 8 0.01
915 8 0.02
916 8 0.01
917 8 0.02
918 8 0.01
919 8 0.02
920 8 0.03
921 8 0.02
922 8 0.01
923 8 0.02
924 8 0.01
925 8 0.02
926 8 0.01
927 8 0.02
928 8 0.02
929 8 0.01
930 8 0.02
931 8 0.01
932 8 0.02
933 8 0.01
934 8 0.02
935 8 0.02
936 8 0.01
937 8 0.02
938 8 0.01
939 8 0.02
940 8 0.01
941 8 0.02
942 8 0.01
943 8 0.02
944 8 0.02
945 8 0.01
946 8 0.02
947 8 0.01
948 8 0.02
949 8 0.01
950 8 0.02
951 8 0.02
952 8 0.01
953 8 0.03
954 8 0.02
955 8 0.01
956 8 0.02
957 8 0.01
958 8 0.02
959 8 0.02
960 8 0.01
961 8 0.02
962 8 0.01
963 8 0.02
964 8 0.01
965 8 0.02
966 8 0.02
967 8 0.03
968 8 0.01
969 8 0.02
970 8 0.01
971 8 0.02
972 8 0.01
973 8 0.02
974 8 0.02
975 8 0.01
976 8 0.02
977 8 0.01
978 8 0.02
979 8 0.01
980 8 0.04
981 8 0.01
982 8 0.02
983 8 0.01
984 8 0.02
985 8 0.01
986 8 0.02
987 8 0.01
988 8 0.02
989 8 0.03
990 8 0.02
991 8 0.01
992 8 0.02
993 8 0.01
994 8 0.02
995 8 0.02
996 8 0.01
997 8 0.02
998 8 0.01
999 8 0.02
1000 8 0.03
1001 8 0.01
1002 8 0.02
1003 8 0.02
1004 8 0.01
1005 8 0.02
1006 8 0.01
1007 8 0.02
1008 8 0.03
1009 8 0.02
1010 8 0.01
1011 8 0.02
1012 8 0.01
1013 8 0.02
1014 8 0.01
1015 8 0.02
1016 8 0.03
1017 8 0.02
1018 8 0.01
1019 8 0.02
1020 8 0.01
1021 8 0.02
1022 8 0.01
1023 8 0.02
1024 8 0.03
1025 8 0.02
1026 8 0.01
1027 8 0.02
1028 8 0.01
1029 8 0.02
1030 8 0.01
1031 8 0.04
1032 8 0.01
1033 8 0.02
1034 8 0.01
1035 8 0.02
1036 8 0.01
1037 8 0.02
1038 8 0.03
1039 8 0.02
1040 8 0.01
1041 8 0.02
1042 8 0.01
1043 8 0.02
1044 8 0.03
1045 8 0.02
1046 8 0.01
1047 8 0.02
1048 8 0.01
1049 8 0.03
1050 8 0.02
1051 8 0.02
1052 8 0.01
1053 8 0.02
1054 8 0.01
1055 8 0.03
1056 8 0.02
1057 8 0.01
1058 8 0.02
1059 8 0.02
1060 8 0.03
1061 8 0.01
1062 8 0.02
1063 8 0.01
1064 8 0.02
1065 8 0.03
1066 8 0.02
1067 8 0.01
1068 8 0.02
1069 8 0.01
1070 8 0.03
1071 8 0.02
1072 8 0.02
1073 8 0.01
1074 8 0.02
1075 8 0.03
1076 8 0.01
1077 8 0.02
1078 8 0.02
1079 8 0.01
1080 8 0.03
1081 8 0.02
1082 8 0.01
1083 8 0.02
1084 8 0.03
1085 8 0.02
1086 8 0.01
1087 8 0.02
1088 8 0.01
1089 8 0.03
1090 8 0.02
1091 8 0.02
1092 8 0.01
1093 8 0.03
1094 8 0.02
1095 8 0.01
1096 8 0.02
1097 8 0.03
1098 8 0.02
1099 8 0.01
1100 8 0.02
1101 8 0.01
1102 8 0.03
1103 8 0.02
1104 8 0.02
1105 8 0.01
1106 8 0.03
1107 8 0.02
1108 8 0.01
1109 8 0.02
1110 8 0.01
1111 8 0.04
1112 8 0.01
1113 8 0.02
1114 8 0.01
1115 8 0.03
1116 8 0.02
1117 8 0.02
1118 8 0.01
1119 8 0.02
1120 8 0.03
1121 8 0.01
1122 8 0.02
1123 8 0.01
1124 8 0.04
1125 8 0.01
1126 8 0.02
1127 8 0.01
1128 8 0.03
1129 8 0.02
1130 8 0.02
1131 8 0.01
1132 8 0.02
1133 8 0.03
1134 8 0.01
1135 8 0.02
1136 8 0.01
1137 8 0.04
1138 8 0.01
1139 8 0.02
1140 8 0.01
1141 8 0.03
1142 8 0.02
1143 8 0.02
1144 8 0.01
1145 8 0.03
1146 8 0.02
1147 8 0.01
1148 8 0.03
1149 8 0.02
1150 8 0.02
1151 8 0.01
1152 8 0.03
1153 8 0.02
1154 8 0.01
1155 8 0.04
1156 8 0.01
1157 8 0.02
1158 8 0.03
1159 8 0.01
1160 8 0.02
1161 8 0.01
1162 8 0.04
1163 8 0.01
1164 8 0.02
1165 8 0.01
1166 8 0.03
1167 8 0.02
1168 8 0.02
1169 8 0.03
1170 8 0.01
1171 8 0.02
1172 8 0.03
1173 8 0.01
1174 8 0.02
1175 8 0.02
1176 8 0.03
1177 8 0.01
1178 8 0.02
1179 8 0.03
1180 8 0.02
1181 8 0.01
1182 8 0.03
1183 8 0.02
1184 8 0.01
1185 8 0.02
1186 8 0.03
1187 8 0.02
1188 8 0.01
1189 8 0.03
1190 8 0.02
1191 8 0.01
1192 8 0.04
1193 8 0.01
1194 8 0.02
1195 8 0.03
1196 8 0.01
1197 8 0.02
1198 8 0.03
1199 8 0.02
1200 8 0.01
1201 8 0.02
1202 8 0.03
1203 8 0.01
1204 8 0.04
1205 8 0.01
1206 8 0.02
1207 8 0.03
1208 8 0.01
1209 8 0.02
1210 8 0.03
1211 8 0.02
1212 8 0.01
1213 8 0.02
1214 8 0.03
1215 8 0.01
1216 8 0.02
1217 8 0.02
1218 8 0.01
1219 8 0.03
1220 8 0.02
1221 8 0.01
1222 8 0.03
1223 8 0.02
1224 8 0.02
1225 8 0.03
1226 8 0.01
1227 8 0.03
1228 8 0.02
1229 8 0.02
1230 8 0.03
1231 8 0.01
1232 8 0.02
1233 8 0.03
1234 8 0.01
1235 8 0.02
1236 8 0.03
1237 8 0.02
1238 8 0.01
1239 8 0.03
1240 8 0.02
1241 8 0.02
1242 8 0.03
1243 8 0.01
1244 8 0.03
1245 8 0.02
1246 8 0.01
1247 8 0.04
1248 8 0.01
1249 8 0.02
1250 8 0.03
1251 8 0.01
1252 8 0.04
1253 8 0.01
1254 8 0.02
1255 8 0.03
1256 8 0.01
1257 8 0.02
1258 8 0.03
1259 8 0.02
1260 8 0.03
1261 8 0.01
1262 8 0.02
1263 8 0.03
1264 8 0.02
1265 8 0.03
1266 8 0.01
1267 8 0.02
1268 8 0.03
1269 8 0.01
1270 8 0.02
1271 8 0.03
1272 8 0.02
1273 8 0.03
1274 8 0.01
1275 8 0.02
1276 8 0.03
1277 8 0.02
1278 8 0.03
1279 8 0.01
1280 8 0.02
1281 8 0.03
1282 8 0.02
1283 8 0.03
1284 8 0.01
1285 8 0.02
1286 8 0.03
1287 8 0.02
1288 8 0.03
1289 8 0.01
1290 8 0.02
1291 8 0.03
1292 8 0.01
1293 8 0.04
1294 8 0.01
1295 8 0.02
1296 8 0.03
1297 8 0.01
1298 8 0.04
1299 8 0.01
1300 8 0.03
1301 8 0.02
1302 8 0.01
1303 8 0.03
1304 8 0.02
1305 8 0.03
1306 8 0.02
1307 8 0.01
1308 8 0.03
1309 8 0.02
1310 8 0.03
1311 8 0.02
1312 8 0.03
1313 8 0.01
1314 8 0.02
1315 8 0.03
1316 8 0.02
1317 8 0.03
1318 8 0.01
1319 8 0.03
1320 8 0.02
1321 8 0.03
1322 8 0.02
1323 8 0.03
1324 8 0.01
1325 8 0.02
1326 8 0.03
1327 8 0.02
1328 8 0.03
1329 8 0.01
1330 8 0.03
1331 8 0.02
1332 8 0.03
1333 8 0.02
1334 8 0.01
1335 8 0.03
1336 8 0.02
1337 8 0.03
1338 8 0.02
1339 8 0.03
1340 8 0.01
1341 8 0.03
1342 8 0.02
1343 8 0.03
1344 8 0.02
1345 8 0.03
1346 8 0.01
1347 8 0.03
1348 8 0.02
1349 8 0.03
1350 8 0.02
1351 8 0.01
1352 8 0.03
1353 8 0.02
1354 8 0.03
1355 8 0.02
1356 8 0.03
1357 8 0.01
1358 8 0.03
1359 8 0.02
1360 8 0.03
1361 8 0.02
1362 8 0.03
1363 8 0.01
1364 8 0.04
1365 8 0.01
1366 8 0.03
1367 8 0.02
1368 8 0.03
1369 8 0.01
1370 8 0.04
1371 8 0.01
1372 8 0.03
1373 8 0.02
1374 8 0.03
1375 8 0.02
1376 8 0.03
1377 8 0.01
1378 8 0.03
1379 8 0.02
1380 8 0.03
1381 8 0.02
1382 8 0.03
1383 8 0.01
1384 8 0.03
1385 8 0.02
1386 8 0.03
1387 8 0.02
1388 8 0.03
1389 8 0.01
1390 8 0.03
1391 8 0.02
1392 8 0.03
1393 8 0.02
1394 8 0.03
1395 8 0.01
1396 8 0.04
1397 8 0.01
1398 8 0.03
1399 8 0.03
1400 8 0.02
1401 8 0.03
1402 8 0.02
1403 8 0.03
1404 8 0.01
1405 8 0.03
1406 8 0.02
1407 8 0.03
1408 8 0.02
1409 8 0.03
1410 8 0.01
1411 8 0.03
1412 8 0.02
1413 8 0.03
1414 8 0.03
1415 8 0.02
1416 8 0.03
1417 8 0.02
1418 8 0.03
1419 8 0.01
1420 8 0.03
1421 8 0.02
1422 8 0.03
1423 8 0.02
1424 8 0.03
1425 8 0.03
1426 8 0.01
1427 8 0.04
1428 8 0.01
1429 8 0.03
1430 8 0.03
1431 8 0.02
1432 8 0.03
1433 8 0.02
1434 8 0.03
1435 8 0.01
1436 8 0.03
1437 8 0.04
1438 8 0.01
1439 8 0.03
1440 8 0.02
1441 8 0.03
1442 8 0.01
1443 8 0.04
1444 8 0.03
1445 8 0.01
1446 8 0.03
1447 8 0.02
1448 8 0.03
1449 8 0.02
1450 8 0.03
1451 8 0.03
1452 8 0.01
1453 8 0.04
1454 8 0.01
1455 8 0.03
1456 8 0.02
1457 8 0.03
1458 8 0.03
1459 8 0.02
1460 8 0.03
1461 8 0.01
1462 8 0.03
1463 8 0.04
1464 8 0.01
1465 8 0.03
1466 8 0.02
1467 8 0.03
1468 8 0.03
1469 8 0.02
1470 8 0.03
1471 8 0.01
1472 8 0.03
1473 8 0.02
1474 8 0.03
1475 8 0.03
1476 8 0.02
1477 8 0.03
1478 8 0.03
1479 8 0.02
1480 8 0.03
1481 8 0.01
1482 8 0.03
1483 8 0.04
1484 8 0.01
1485 8 0.03
1486 8 0.03
1487 8 0.02
1488 8 0.03
1489 8 0.02
1490 8 0.03
1491 8 0.03
1492 8 0.01
1493 8 0.04
1494 8 0.03
1495 8 0.01
1496 8 0.03
1497 8 0.02
1498 8 0.03
1499 8 0.03
1500 8 0.02
1501 8 0.03
1502 8 0.03
1503 8 0.02
1504 8 0.03
1505 8 0.01
1506 8 0.03
1507 8 0.04
1508 8 0.01
1509 8 0.03
1510 8 0.03
1511 8 0.02
1512 8 0.03
1513 8 0.03
1514 8 0.02
1515 8 0.03
1516 8 0.01
1517 8 0.04
1518 8 0.03
1519 8 0.01
1520 8 0.03
1521 8 0.03
1522 8 0.02
1523 8 0.03
1524 8 0.03
1525 8 0.02
1526 8 0.03
1527 8 0.03
1528 8 0.02
1529 8 0.03
1530 8 0.03
1531 8 0.01
1532 8 0.04
1533 8 0.03
1534 8 0.01
1535 8 0.03
1536 8 0.04
1537 8 0.01
1538 8 0.03
1539 8 0.03
1540 8 0.03
1541 8 0.02
1542 8 0.03
1543 8 0.03
1544 8 0.02
1545 8 0.03
1546 8 0.03
1547 8 0.03
1548 8 0.02
1549 8 0.03
1550 8 0.03
1551 8 0.02
1552 8 0.03
1553 8 0.03
1554 8 0.01
1555 8 0.04
1556 8 0.03
1557 8 0.01
1558 8 0.03
1559 8 0.03
1560 8 0.02
1561 8 0.03
1562 8 0.03
1563 8 0.02
1564 8 0.03
1565 8 0.03
1566 8 0.03
1567 8 0.02
1568 8 0.03
1569 8 0.03
1570 8 0.02
1571 8 0.03
1572 8 0.03
1573 8 0.01
1574 8 0.04
1575 8 0.03
1576 8 0.03
1577 8 0.01
1578 8 0.03
1579 8 0.04
1580 8 0.01
1581 8 0.03
1582 8 0.03
1583 8 0.02
1584 8 0.03
1585 8 0.03
1586 8 0.03
1587 8 0.02
1588 8 0.03
1589 8 0.03
1590 8 0.02
1591 8 0.03
1592 8 0.03
1593 8 0.03
1594 8 0.02
1595 8 0.03
1596 8 0.03
1597 8 0.03
1598 8 0.02
1599 8 0.03
1600 8 0.03
1601 8 0.03
1602 8 0.02
1603 8 0.03
1604 8 0.03
1605 8 0.01
1606 8 0.03
1607 8 0.04
1608 8 0.03
1609 8 0.01
1610 8 0.03
1611 8 0.04
1612 8 0.03
1613 8 0.01
1614 8 0.03
1615 8 0.03
1616 8 0.04
1617 8 0.01
1618 8 0.03
1619 8 0.03
1620 8 0.04
1621 8 0.01
1622 8 0.03
1623 8 0.03
1624 8 0.03
1625 8 0.02
1626 8 0.03
1627 8 0.03
1628 8 0.03
1629 8 0.02
1630 8 0.03
1631 8 0.03
1632 8 0.03
1633 8 0.02
1634 8 0.03
1635 8 0.03
1636 8 0.03
1637 8 0.02
1638 8 0.03
1639 8 0.03
1640 8 0.03
1641 8 0.03
1642 8 0.02
1643 8 0.03
1644 8 0.03
1645 8 0.03
1646 8 0.02
1647 8 0.03
1648 8 0.03
1649 8 0.03
1650 8 0.02
1651 8 0.03
1652 8 0.03
1653 8 0.03
1654 8 0.03
1655 8 0.02
1656 8 0.03
1657 8 0.03
1658 8 0.03
1659 8 0.03
1660 8 0.02
1661 8 0.03
1662 8 0.03
1663 8 0.03
1664 8 0.03
1665 8 0.02
1666 8 0.03
1667 8 0.03
1668 8 0.03
1669 8 0.03
1670 8 0.04
1671 8 0.01
1672 8 0.03
1673 8 0.03
1674 8 0.04
1675 8 0.03
1676 8 0.01
1677 8 0.03
1678 8 0.03
1679 8 0.04
1680 8 0.03
1681 8 0.03
1682 8 0.01
1683 8 0.04
1684 8 0.03
1685 8 0.03
1686 8 0.03
1687 8 0.01
1688 8 0.04
1689 8 0.03
1690 8 0.03
1691 8 0.03
1692 8 0.03
1693 8 0.02
1694 8 0.03
1695 8 0.03
1696 8 0.03
1697 8 0.03
1698 8 0.03
1699 8 0.02
1700 8 0.03
1701 8 0.03
1702 8 0.03
1703 8 0.03
1704 8 0.03
1705 8 0.02
1706 8 0.03
1707 8 0.03
1708 8 0.03
1709 8 0.04
1710 8 0.03
1711 8 0.03
1712 8 0.01
1713 8 0.03
1714 8 0.04
1715 8 0.03
1716 8 0.03
1717 8 0.03
1718 8 0.03
1719 8 0.02
1720 8 0.03
1721 8 0.03
1722 8 0.03
1723 8 0.03
1724 8 0.03
1725 8 0.02
1726 8 0.03
1727 8 0.03
1728 8 0.03
1729 8 0.03
1730 8 0.03
1731 8 0.04
1732 8 0.01
1733 8 0.03
1734 8 0.03
1735 8 0.04
1736 8 0.03
1737 8 0.03
1738 8 0.03
1739 8 0.03
1740 8 0.03
1741 8 0.02
1742 8 0.03
1743 8 0.03
1744 8 0.03
1745 8 0.03
1746 8 0.03
1747 8 0.03
1748 8 0.04
1749 8 0.01
1750 8 0.03
1751 8 0.03
1752 8 0.04
1753 8 0.03
1754 8 0.03
1755 8 0.03
1756 8 0.03
1757 8 0.03
1758 8 0.02
1759 8 0.03
1760 8 0.03
1761 8 0.03
1762 8 0.03
1763 8 0.03
1764 8 0.03
1765 8 0.04
1766 8 0.03
1767 8 0.01
1768 8 0.03
1769 8 0.04
1770 8 0.03
1771 8 0.03
1772 8 0.03
1773 8 0.03
1774 8 0.03
1775 8 0.03
1776 8 0.03
1777 8 0.04
1778 8 0.03
1779 8 0.03
1780 8 0.03
1781 8 0.01
1782 8 0.04
1783 8 0.03
1784 8 0.03
1785 8 0.03
1786 8 0.03
1787 8 0.03
1788 8 0.03
1789 8 0.03
1790 8 0.04
1791 8 0.03
1792 8 0.03
1793 8 0.03
1794 8 0.02
1795 8 0.03
1796 8 0.03
1797 8 0.03
1798 8 0.03
1799 8 0.03
1800 8 0.03
1801 8 0.03
1802 8 0.04
1803 8 0.03
1804 8 0.03
1805 8 0.03
1806 8 0.03
1807 8 0.03
1808 8 0.03
1809 8 0.03
1810 8 0.04
1811 8 0.03
1812 8 0.03
1813 8 0.03
1814 8 0.03
1815 8 0.03
1816 8 0.02
1817 8 0.03
1818 8 0.03
1819 8 0.03
1820 8 0.03
1821 8 0.03
1822 8 0.03
1823 8 0.04
1824 8 0.03
1825 8 0.03
1826 8 0.03
1827 8 0.03
1828 8 0.03
1829 8 0.03
1830 8 0.03
1831 8 0.04
1832 8 0.03
1833 8 0.03
1834 8 0.03
1835 8 0.03
1836 8 0.03
1837 8 0.03
1838 8 0.03
1839 8 0.04
1840 8 0.03
1841 8 0.03
1842 8 0.03
1843 8 0.03
1844 8 0.03
1845 8 0.03
1846 8 0.03
1847 8 0.04
1848 8 0.03
1849 8 0.03
1850 8 0.03
1851 8 0.03
1852 8 0.03
1853 8 0.03
1854 8 0.03
1855 8 0.04
1856 8 0.03
1857 8 0.03
1858 8 0.03
1859 8 0.03
1860 8 0.03
1861 8 0.03
1862 8 0.03
1863 8 0.04
1864 8 0.03
1865 8 0.03
1866 8 0.03
1867 8 0.03
1868 8 0.03
1869 8 0.03
1870 8 0.03
1871 8 0.04
1872 8 0.03
1873 8 0.03
1874 8 0.03
1875 8 0.03
1876 8 0.03
1877 8 0.03
1878 8 0.03
1879 8 0.05
1880 8 0.03
1881 8 0.03
1882 8 0.04
1883 8 0.03
1884 8 0.03
1885 8 0.03
1886 8 0.03
1887 8 0.03
1888 8 0.03
1889 8 0.03
1890 8 0.04
1891 8 0.03
1892 8 0.03
1893 8 0.03
1894 8 0.03
1895 8 0.03
1896 8 0.03
1897 8 0.03
1898 8 0.04
1899 8 0.03
1900 8 0.03
1901 8 0.04
1902 8 0.04
1903 8 0.03
1904 8 0.03
1905 8 0.03
1906 8 0.03
1907 8 0.03
1908 8 0.03
1909 8 0.03
1910 8 0.04
1911 8 0.03
1912 8 0.03
1913 8 0.03
1914 8 0.03
1915 8 0.03
1916 8 0.03
1917 8 0.05
1918 8 0.03
1919 8 0.03
1920 8 0.03
1921 8 0.04
1922 8 0.03
1923 8 0.03
1924 8 0.03
1925 8 0.03
1926 8 0.05
1927 8 0.03
1928 8 0.03
1929 8 0.03
1930 8 0.03
1931 8 0.03
1932 8 0.03
1933 8 0.04
1934 8 0.03
1935 8 0.03
1936 8 0.03
1937 8 0.05
1938 8 0.03
1939 8 0.03
1940 8 0.03
1941 8 0.03
1942 8 0.03
1943 8 0.03
1944 8 0.04
1945 8 0.03
1946 8 0.03
1947 8 0.03
1948 8 0.05
1949 8 0.03
1950 8 0.03
1951 8 0.03
1952 8 0.03
1953 8 0.03
1954 8 0.03
1955 8 0.03
1956 8 0.04
1957 8 0.03
1958 8 0.04
1959 8 0.04
1960 8 0.03
1961 8 0.03
1962 8 0.03
1963 8 0.03
1964 8 0.03
1965 8 0.03
1966 8 0.03
1967 8 0.04
1968 8 0.04
1969 8 0.03
1970 8 0.03
1971 8 0.04
1972 8 0.03
1973 8 0.03
1974 8 0.05
1975 8 0.03
1976 8 0.03
1977 8 0.03
1978 8 0.03
1979 8 0.03
1980 8 0.03
1981 8 0.03
1982 8 0.05
1983 8 0.03
1984 8 0.03
1985 8 0.03
1986 8 0.04
1987 8 0.03
1988 8 0.03
1989 8 0.05
1990 8 0.03
1991 8 0.03
1992 8 0.03
1993 8 0.03
1994 8 0.03
1995 8 0.03
1996 8 0.03
1997 8 0.05
1998 8 0.03
1999 8 0.03
2000 8 0.03
2001 8 0.04
2002 8 0.03
2003 8 0.03
2004 8 0.05
2005 8 0.03
2006 8 0.03
2007 8 0.03
2008 8 0.03
2009 8 0.03
2010 8 0.05
2011 8 0.03
2012 8 0.03
2013 8 0.03
2014 8 0.03
2015 8 0.03
2016 8 0.04
2017 8 0.04
2018 8 0.03
2019 8 0.04
2020 8 0.03
2021 8 0.03
2022 8 0.03
2023 8 0.05
2024 8 0.03
2025 8 0.03
2026 8 0.03
2027 8 0.03
2028 8 0.03
2029 8 0.05
2030 8 0.03
2031 8 0.03
2032 8 0.03
2033 8 0.03
2034 8 0.04
2035 8 0.04
2036 8 0.03
2037 8 0.03
2038 8 0.04
2039 8 0.03
2040 8 0.03
2041 8 0.05
2042 8 0.03
2043 8 0.03
2044 8 0.03
2045 8 0.03
2046 8 0.05
2047 8 0.03
2048 8 0.03
2049 8 0.03
2050 8 0.05
2051 8 0.03
2052 8 0.03
2053 8 0.03
2054 8 0.03
2055 8 0.05
2056 8 0.03
2057 8 0.03
2058 8 0.03
2059 8 0.03
2060 8 0.05
2061 8 0.03
2062 8 0.03
2063 8 0.04
2064 8 0.04
2065 8 0.03
2066 8 0.03
2067 8 0.04
2068 8 0.03
2069 8 0.04
2070 8 0.04
2071 8 0.03
2072 8 0.03
2073 8 0.03
2074 8 0.05
2075 8 0.03
2076 8 0.03
2077 8 0.03
2078 8 0.05
2079 8 0.03
2080 8 0.03
2081 8 0.03
2082 8 0.05
2083 8 0.03
2084 8 0.03
2085 8 0.03
2086 8 0.05
2087 8 0.03
2088 8 0.03
2089 8 0.03
2090 8 0.05
2091 8 0.03
2092 8 0.03
2093 8 0.03
2094 8 0.03
2095 8 0.05
2096 8 0.03
2097 8 0.03
2098 8 0.05
2099 8 0.03
2100 8 0.03
2101 8 0.03
2102 8 0.05
2103 8 0.03
2104 8 0.03
2105 8 0.03
2106 8 0.05
2107 8 0.03
2108 8 0.03
2109 8 0.03
2110 8 0.05
2111 8 0.03
2112 8 0.03
2113 8 0.04
2114 8 0.04
2115 8 0.03
2116 8 0.03
2117 8 0.04
2118 8 0.04
2119 8 0.03
2120 8 0.04
2121 8 0.04
2122 8 0.03
2123 8 0.03
2124 8 0.04
2125 8 0.04
2126 8 0.03
2127 8 0.04
2128 8 0.03
2129 8 0.04
2130 8 0.03
2131 8 0.04
2132 8 0.04
2133 8 0.03
2134 8 0.04
2135 8 0.03
2136 8 0.04
2137 8 0.03
2138 8 0.04
2139 8 0.04
2140 8 0.03
2141 8 0.04
2142 8 0.04
2143 8 0.03
2144 8 0.03
2145 8 0.05
2146 8 0.03
2147 8 0.03
2148 8 0.04
2149 8 0.04
2150 8 0.03
2151 8 0.03
2152 8 0.05
2153 8 0.03
2154 8 0.03
2155 8 0.05
2156 8 0.03
2157 8 0.03
2158 8 0.05
2159 8 0.03
2160 8 0.03
2161 8 0.03
2162 8 0.05
2163 8 0.03
2164 8 0.03
2165 8 0.05
2166 8 0.03
2167 8 0.03
2168 8 0.05
2169 8 0.03
2170 8 0.03
2171 8 0.05
2172 8 0.03
2173 8 0.03
2174 8 0.05
2175 8 0.03
2176 8 0.03
2177 8 0.05
2178 8 0.03
2179 8 0.03
2180 8 0.05
2181 8 0.03
2182 8 0.03
2183 8 0.03
2184 8 0.05
2185 8 0.03
2186 8 0.03
2187 8 0.05
2188 8 0.03
2189 8 0.03
2190 8 0.05
2191 8 0.03
2192 8 0.03
2193 8 0.05
2194 8 0.03
2195 8 0.03
2196 8 0.05
2197 8 0.03
2198 8 0.03
2199 8 0.04
2200 8 0.04
2201 8 0.03
2202 8 0.04
2203 8 0.04
2204 8 0.03
2205 8 0.04
2206 8 0.03
2207 8 0.05
2208 8 0.03
2209 8 0.03
2210 8 0.05
2211 8 0.03
2212 8 0.05
2213 8 0.03
2214 8 0.05
2215 8 0.03
2216 8 0.05
2217 8 0.03
2218 8 0.03
2219 8 0.04
2220 8 0.04
2221 8 0.03
2222 8 0.04
2223 8 0.04
2224 8 0.04
2225 8 0.03
2226 8 0.03
2227 8 0.05
2228 8 0.03
2229 8 0.03
2230 8 0.05
2231 8 0.03
2232 8 0.05
2233 8 0.03
2234 8 0.03
2235 8 0.05
2236 8 0.03
2237 8 0.05
2238 8 0.03
2239 8 0.03
2240 8 0.05
2241 8 0.03
2242 8 0.04
2243 8 0.04
2244 8 0.04
2245 8 0.03
2246 8 0.05
2247 8 0.03
2248 8 0.05
2249 8 0.03
2250 8 0.03
2251 8 0.05
2252 8 0.03
2253 8 0.05
2254 8 0.03
2255 8 0.03
2256 8 0.05
2257 8 0.03
2258 8 0.04
2259 8 0.03
2260 8 0.04
2261 8 0.04
2262 8 0.03
2263 8 0.05
2264 8 0.03
2265 8 0.05
2266 8 0.03
2267 8 0.03
2268 8 0.05
2269 8 0.03
2270 8 0.05
2271 8 0.03
2272 8 0.04
2273 8 0.04
2274 8 0.03
2275 8 0.04
2276 8 0.04
2277 8 0.04
2278 8 0.03
2279 8 0.05
2280 8 0.03
2281 8 0.05
2282 8 0.03
2283 8 0.05
2284 8 0.03
2285 8 0.03
2286 8 0.05
2287 8 0.03
2288 8 0.03
2289 8 0.03
2290 8 0.05
2291 8 0.03
2292 8 0.04
2293 8 0.04
2294 8 0.04
2295 8 0.03
2296 8 0.05
2297 8 0.03
2298 8 0.05
2299 8 0.03
2300 8 0.03
2301 8 0.05
2302 8 0.03
2303 8 0.05
2304 8 0.03
2305 8 0.04
2306 8 0.04
2307 8 0.04
2308 8 0.03
2309 8 0.05
2310 8 0.03
2311 8 0.05
2312 8 0.03
2313 8 0.05
2314 8 0.03
2315 8 0.05
2316 8 0.03
2317 8 0.03
2318 8 0.04
2319 8 0.04
2320 8 0.04
2321 8 0.03
2322 8 0.05
2323 8 0.03
2324 8 0.05
2325 8 0.03
2326 8 0.05
2327 8 0.03
2328 8 0.05
2329 8 0.03
2330 8 0.04
2331 8 0.03
2332 8 0.05
2333 8 0.03
2334 8 0.05
2335 8 0.03
2336 8 0.05
2337 8 0.03
2338 8 0.05
2339 8 0.03
2340 8 0.04
2341 8 0.04
2342 8 0.04
2343 8 0.03
2344 8 0.05
2345 8 0.03
2346 8 0.05
2347 8 0.03
2348 8 0.05
2349 8 0.03
2350 8 0.04
2351 8 0.04
2352 8 0.04
2353 8 0.03
2354 8 0.05
2355 8 0.03
2356 8 0.05
2357 8 0.03
2358 8 0.05
2359 8 0.03
2360 8 0.05
2361 8 0.03
2362 8 0.04
2363 8 0.03
2364 8 0.05
2365 8 0.03
2366 8 0.05
2367 8 0.03
2368 8 0.05
2369 8 0.04
2370 8 0.04
2371 8 0.04
2372 8 0.03
2373 8 0.05
2374 8 0.03
2375 8 0.05
2376 8 0.03
2377 8 0.05
2378 8 0.03
2379 8 0.05
2380 8 0.03
2381 8 0.04
2382 8 0.03
2383 8 0.05
2384 8 0.05
2385 8 0.03
2386 8 0.05
2387 8 0.03
2388 8 0.04
2389 8 0.04
2390 8 0.04
2391 8 0.03
2392 8 0.05
2393 8 0.05
2394 8 0.03
2395 8 0.05
2396 8 0.03
2397 8 0.04
2398 8 0.04
2399 8 0.04
2400 8 0.03
2401 8 0.05
2402 8 0.05
2403 8 0.03
2404 8 0.05
2405 8 0.03
2406 8 0.04
2407 8 0.03
2408 8 0.05
2409 8 0.05
2410 8 0.03
2411 8 0.05
2412 8 0.03
2413 8 0.04
2414 8 0.04
2415 8 0.04
2416 8 0.05
2417 8 0.03
2418 8 0.05
2419 8 0.04
2420 8 0.04
2421 8 0.04
2422 8 0.03
2423 8 0.05
2424 8 0.05
2425 8 0.03
2426 8 0.05
2427 8 0.04
2428 8 0.03
2429 8 0.05
2430 8 0.05
2431 8 0.03
2432 8 0.05
2433 8 0.04
2434 8 0.03
2435 8 0.05
2436 8 0.03
2437 8 0.05
2438 8 0.03
2439 8 0.05
2440 8 0.04
2441 8 0.04
2442 8 0.04
2443 8 0.03
2444 8 0.05
2445 8 0.05
2446 8 0.03
2447 8 0.05
2448 8 0.04
2449 8 0.03
2450 8 0.05
2451 8 0.03
2452 8 0.05
2453 8 0.05
2454 8 0.03
2455 8 0.04
2456 8 0.03
2457 8 0.05
2458 8 0.05
2459 8 0.03
2460 8 0.05
2461 8 0.04
2462 8 0.03
2463 8 0.05
2464 8 0.03
2465 8 0.05
2466 8 0.05
2467 8 0.03
2468 8 0.04
2469 8 0.05
2470 8 0.03
2471 8 0.05
2472 8 0.05
2473 8 0.03
2474 8 0.04
2475 8 0.05
2476 8 0.03
2477 8 0.05
2478 8 0.05
2479 8 0.03
2480 8 0.04
2481 8 0.05
2482 8 0.03
2483 8 0.05
2484 8 0.05
2485 8 0.03
2486 8 0.04
2487 8 0.05
2488 8 0.05
2489 8 0.03
2490 8 0.05
2491 8 0.04
2492 8 0.03
2493 8 0.05
2494 8 0.05
2495 8 0.03
2496 8 0.05
2497 8 0.04
2498 8 0.03
2499 8 0.05
2500 8 0.05
2501 8 0.05
2502 8 0.03
2503 8 0.04
2504 8 0.05
2505 8 0.03
2506 8 0.05
2507 8 0.05
2508 8 0.03
2509 8 0.04
2510 8 0.05
2511 8 0.03
2512 8 0.05
2513 8 0.05
2514 8 0.03
2515 8 0.04
2516 8 0.05
2517 8 0.03
2518 8 0.05
2519 8 0.05
2520 8 0.03
2521 8 0.04
2522 8 0.05
2523 8 0.03
2524 8 0.05
2525 8 0.05
2526 8 0.03
2527 8 0.04
2528 8 0.05
2529 8 0.03
2530 8 0.05
2531 8 0.05
2532 8 0.04
2533 8 0.03
2534 8 0.05
2535 8 0.05
2536 8 0.03
2537 8 0.05
2538 8 0.04
2539 8 0.05
2540 8 0.03
2541 8 0.05
2542 8 0.04
2543 8 0.04
2544 8 0.04
2545 8 0.05
2546 8 0.05
2547 8 0.03
2548 8 0.04
2549 8 0.05
2550 8 0.05
2551 8 0.03
2552 8 0.05
2553 8 0.04
2554 8 0.03
2555 8 0.05
2556 8 0.05
2557 8 0.03
2558 8 0.05
2559 8 0.04
2560 8 0.05
2561 8 0.03
2562 8 0.05
2563 8 0.04
2564 8 0.04
2565 8 0.04
2566 8 0.05
2567 8 0.05
2568 8 0.03
2569 8 0.04
2570 8 0.05
2571 8 0.05
2572 8 0.03
2573 8 0.05
2574 8 0.04
2575 8 0.05
2576 8 0.03
2577 8 0.05
2578 8 0.05
2579 8 0.04
2580 8 0.03
2581 8 0.05
2582 8 0.05
2583 8 0.04
2584 8 0.04
2585 8 0.04
2586 8 0.05
2587 8 0.03
2588 8 0.05
2589 8 0.04
2590 8 0.05
2591 8 0.03
2592 8 0.05
2593 8 0.05
2594 8 0.04
2595 8 0.03
2596 8 0.05
2597 8 0.05
2598 8 0.04
2599 8 0.04
2600 8 0.04
2601 8 0.05
2602 8 0.05
2603 8 0.04
2604 8 0.03
2605 8 0.05
2606 8 0.05
2607 8 0.05
2608 8 0.03
2609 8 0.04
2610 8 0.05
2611 8 0.05
2612 8 0.04
2613 8 0.04
2614 8 0.04
2615 8 0.05
2616 8 0.05
2617 8 0.03
2618 8 0.04
2619 8 0.05
2620 8 0.05
2621 8 0.04
2622 8 0.04
2623 8 0.04
2624 8 0.05
2625 8 0.05
2626 8 0.04
2627 8 0.05
2628 8 0.05
2629 8 0.03
2630 8 0.05
2631 8 0.04
2632 8 0.05
2633 8 0.05
2634 8 0.03
2635 8 0.04
2636 8 0.05
2637 8 0.05
2638 8 0.03
2639 8 0.05
2640 8 0.04
2641 8 0.05
2642 8 0.05
2643 8 0.04
2644 8 0.03
2645 8 0.05
2646 8 0.05
2647 8 0.05
2648 8 0.04
2649 8 0.05
2650 8 0.05
2651 8 0.03
2652 8 0.04
2653 8 0.05
2654 8 0.05
2655 8 0.04
2656 8 0.04
2657 8 0.04
2658 8 0.05
2659 8 0.05
2660 8 0.04
2661 8 0.05
2662 8 0.05
2663 8 0.03
2664 8 0.05
2665 8 0.04
2666 8 0.05
2667 8 0.05
2668 8 0.04
2669 8 0.05
2670 8 0.03
2671 8 0.05
2672 8 0.04
2673 8 0.05
2674 8 0.05
2675 8 0.05
2676 8 0.04
2677 8 0.03
2678 8 0.05
2679 8 0.05
2680 8 0.04
2681 8 0.05
2682 8 0.05
2683 8 0.03
2684 8 0.05
2685 8 0.04
2686 8 0.05
2687 8 0.05
2688 8 0.04
2689 8 0.05
2690 8 0.03
2691 8 0.05
2692 8 0.05
2693 8 0.04
2694 8 0.05
2695 8 0.05
2696 8 0.04
2697 8 0.05
2698 8 0.03
2699 8 0.05
2700 8 0.04
2701 8 0.05
2702 8 0.05
2703 8 0.05
2704 8 0.04
2705 8 0.05
2706 8 0.03
2707 8 0.05
2708 8 0.04
2709 8 0.05
2710 8 0.05
2711 8 0.04
2712 8 0.05
2713 8 0.05
2714 8 0.05
2715 8 0.03
2716 8 0.04
2717 8 0.05
2718 8 0.05
2719 8 0.04
2720 8 0.05
2721 8 0.05
2722 8 0.04
2723 8 0.05
2724 8 0.05
2725 8 0.05
2726 8 0.04
2727 8 0.05
2728 8 0.05
2729 8 0.03
2730 8 0.04
2731 8 0.05
2732 8 0.05
2733 8 0.04
2734 8 0.05
2735 8 0.05
2736 8 0.05
2737 8 0.04
2738 8 0.05
2739 8 0.05
2740 8 0.04
2741 8 0.05
2742 8 0.03
2743 8 0.05
2744 8 0.04
2745 8 0.05
2746 8 0.05
2747 8 0.05
2748 8 0.04
2749 8 0.05
2750 8 0.05
2751 8 0.04
2752 8 0.05
2753 8 0.05
2754 8 0.03
2755 8 0.04
2756 8 0.05
2757 8 0.05
2758 8 0.05
2759 8 0.04
2760 8 0.05
2761 8 0.05
2762 8 0.04
2763 8 0.05
2764 8 0.05
2765 8 0.04
2766 8 0.05
2767 8 0.03
2768 8 0.05
2769 8 0.05
2770 8 0.04
2771 8 0.05
2772 8 0.05
2773 8 0.04
2774 8 0.05
2775 8 0.05
2776 8 0.04
2777 8 0.05
2778 8 0.05
2779 8 0.04
2780 8 0.05
2781 8 0.05
2782 8 0.04
2783 8 0.05
2784 8 0.05
2785 8 0.05
2786 8 0.04
2787 8 0.05
2788 8 0.03
2789 8 0.05
2790 8 0.04
2791 8 0.05
2792 8 0.05
2793 8 0.04
2794 8 0.05
2795 8 0.05
2796 8 0.05
2797 8 0.04
2798 8 0.05
2799 8 0.05
2800 8 0.04
2801 8 0.05
2802 8 0.05
2803 8 0.04
2804 8 0.05
2805 8 0.05
2806 8 0.04
2807 8 0.05
2808 8 0.05
2809 8 0.04
2810 8 0.05
2811 8 0.05
2812 8 0.05
2813 8 0.04
2814 8 0.05
2815 8 0.05
2816 8 0.04
2817 8 0.05
2818 8 0.05
2819 8 0.04
2820 8 0.05
2821 8 0.05
2822 8 0.04
2823 8 0.04
2824 8 0.04
2825 8 0.05
2826 8 0.05
2827 8 0.06
2828 8 0.05
2829 8 0.04
2830 8 0.05
2831 8 0.05
2832 8 0.04
2833 8 0.05
2834 8 0.05
2835 8 0.04
2836 8 0.05
2837 8 0.05
2838 8 0.04
2839 8 0.05
2840 8 0.05
2841 8 0.04
2842 8 0.05
2843 8 0.05
2844 8 0.05
2845 8 0.04
2846 8 0.05
2847 8 0.05
2848 8 0.04
2849 8 0.05
2850 8 0.05
2851 8 0.04
2852 8 0.05
2853 8 0.05
2854 8 0.04
2855 8 0.05
2856 8 0.05
2857 8 0.04
2858 8 0.05
2859 8 0.05
2860 8 0.05
2861 8 0.04
2862 8 0.05
2863 8 0.05
2864 8 0.04
2865 8 0.05
2866 8 0.05
2867 8 0.04
2868 8 0.05
2869 8 0.05
2870 8 0.04
2871 8 0.05
2872 8 0.05
2873 8 0.06
2874 8 0.05
2875 8 0.04
2876 8 0.05
2877 8 0.05
2878 8 0.04
2879 8 0.05
2880 8 0.05
2881 8 0.05
2882 8 0.04
2883 8 0.05
2884 8 0.05
2885 8 0.04
2886 8 0.05
2887 8 0.06
2888 8 0.05
2889 8 0.05
2890 8 0.04
2891 8 0.05
2892 8 0.05
2893 8 0.04
2894 8 0.05
2895 8 0.05
2896 8 0.04
2897 8 0.05
2898 8 0.05
2899 8 0.04
2900 8 0.05
2901 8 0.05
2902 8 0.05
2903 8 0.04
2904 8 0.06
2905 8 0.05
2906 8 0.05
2907 8 0.05
2908 8 0.04
2909 8 0.05
2910 8 0.05
2911 8 0.04
2912 8 0.05
2913 8 0.05
2914 8 0.04
2915 8 0.05
2916 8 0.05
2917 8 0.04
2918 8 0.07
2919 8 0.04
2920 8 0.05
2921 8 0.05
2922 8 0.04
2923 8 0.05
2924 8 0.05
2925 8 0.04
2926 8 0.05
2927 8 0.05
2928 8 0.05
2929 8 0.04
2930 8 0.06
2931 8 0.05
2932 8 0.05
2933 8 0.05
2934 8 0.04
2935 8 0.05
2936 8 0.06
2937 8 0.05
2938 8 0.05
2939 8 0.04
2940 8 0.05
2941 8 0.05
2942 8 0.04
2943 8 0.07
2944 8 0.04
2945 8 0.05
2946 8 0.05
2947 8 0.04
2948 8 0.05
2949 8 0.05
2950 8 0.04
2951 8 0.07
2952 8 0.04
2953 8 0.05
2954 8 0.05
2955 8 0.06
2956 8 0.05
2957 8 0.04
2958 8 0.05
2959 8 0.05
2960 8 0.04
2961 8 0.05
2962 8 0.06
2963 8 0.05
2964 8 0.05
2965 8 0.04
2966 8 0.05
2967 8 0.05
2968 8 0.04
2969 8 0.07
2970 8 0.04
2971 8 0.05
2972 8 0.05
2973 8 0.04
2974 8 0.05
2975 8 0.06
2976 8 0.05
2977 8 0.05
2978 8 0.04
2979 8 0.05
2980 8 0.05
2981 8 0.04
2982 8 0.07
2983 8 0.04
2984 8 0.05
2985 8 0.05
2986 8 0.04
2987 8 0.05
2988 8 0.05
2989 8 0.06
2990 8 0.05
2991 8 0.04
2992 8 0.05
2993 8 0.05
2994 8 0.06
2995 8 0.05
2996 8 0.04
2997 8 0.05
2998 8 0.05
2999 8 0.05
3000 8 0.06
3001 8 0.04
3002 8 0.05
3003 8 0.05
3004 8 0.05
3005 8 0.06
3006 8 0.04
3007 8 0.05
3008 8 0.05
3009 8 0.06
3010 8 0.05
3011 8 0.04
3012 8 0.05
3013 8 0.06
3014 8 0.05
3015 8 0.05
3016 8 0.04
3017 8 0.07
3018 8 0.04
3019 8 0.05
3020 8 0.05
3021 8 0.06
3022 8 0.05
3023 8 0.04
3024 8 0.05
3025 8 0.06
3026 8 0.05
3027 8 0.05
3028 8 0.04
3029 8 0.07
3030 8 0.04
3031 8 0.05
3032 8 0.05
3033 8 0.04
3034 8 0.07
3035 8 0.04
3036 8 0.05
3037 8 0.05
3038 8 0.06
3039 8 0.05
3040 8 0.04
3041 8 0.05
3042 8 0.05
3043 8 0.06
3044 8 0.05
3045 8 0.04
3046 8 0.05
3047 8 0.06
3048 8 0.05
3049 8 0.05
3050 8 0.04
3051 8 0.05
3052 8 0.06
3053 8 0.05
3054 8 0.05
3055 8 0.04
3056 8 0.07
3057 8 0.04
3058 8 0.05
3059 8 0.05
3060 8 0.04
3061 8 0.07
3062 8 0.04
3063 8 0.05
3064 8 0.05
3065 8 0.06
3066 8 0.05
3067 8 0.04
3068 8 0.07
3069 8 0.04
3070 8 0.05
3071 8 0.05
3072 8 0.06
3073 8 0.05
3074 8 0.04
3075 8 0.05
3076 8 0.06
3077 8 0.05
3078 8 0.05
3079 8 0.06
3080 8 0.04
3081 8 0.05
3082 8 0.05
3083 8 0.06
3084 8 0.05
3085 8 0.04
3086 8 0.07
3087 8 0.04
3088 8 0.05
3089 8 0.05
3090 8 0.06
3091 8 0.05
3092 8 0.04
3093 8 0.05
3094 8 0.06
3095 8 0.05
3096 8 0.05
3097 8 0.04
3098 8 0.07
3099 8 0.04
3100 8 0.05
3101 8 0.06
3102 8 0.05
3103 8 0.05
3104 8 0.04
3105 8 0.05
3106 8 0.05
3107 8 0.04
3108 8 0.05
3109 8 0.06
3110 8 0.05
3111 8 0.05
3112 8 0.04
3113 8 0.07
3114 8 0.04
3115 8 0.05
3116 8 0.06
3117 8 0.05
3118 8 0.05
3119 8 0.06
3120 8 0.05
3121 8 0.04
3122 8 0.05
3123 8 0.06
3124 8 0.05
3125 8 0.05
3126 8 0.06
3127 8 0.05
3128 8 0.04
3129 8 0.06
3130 8 0.05
3131 8 0.05
3132 8 0.05
3133 8 0.06
3134 8 0.04
3135 8 0.05
3136 8 0.06
3137 8 0.05
3138 8 0.05
3139 8 0.06
3140 8 0.05
3141 8 0.04
3142 8 0.07
3143 8 0.04
3144 8 0.05
3145 8 0.06
3146 8 0.05
3147 8 0.05
3148 8 0.04
3149 8 0.07
3150 8 0.04
3151 8 0.05
3152 8 0.06
3153 8 0.06
3154 8 0.05
3155 8 0.06
3156 8 0.05
3157 8 0.05
3158 8 0.06
3159 8 0.05
3160 8 0.04
3161 8 0.07
3162 8 0.04
3163 8 0.05
3164 8 0.06
3165 8 0.05
3166 8 0.05
3167 8 0.06
3168 8 0.05
3169 8 0.04
3170 8 0.07
3171 8 0.04
3172 8 0.06
3173 8 0.05
3174 8 0.05
3175 8 0.06
3176 8 0.05
3177 8 0.06
3178 8 0.05
3179 8 0.04
3180 8 0.07
3181 8 0.04
3182 8 0.05
3183 8 0.06
3184 8 0.05
3185 8 0.05
3186 8 0.06
3187 8 0.05
3188 8 0.04
3189 8 0.07
3190 8 0.04
3191 8 0.05
3192 8 0.06
3193 8 0.05
3194 8 0.06
3195 8 0.05
3196 8 0.04
3197 8 0.05
3198 8 0.06
3199 8 0.05
3200 8 0.05
3201 8 0.06
3202 8 0.05
3203 8 0.06
3204 8 0.05
3205 8 0.04
3206 8 0.07
3207 8 0.04
3208 8 0.07
3209 8 0.04
3210 8 0.05
3211 8 0.06
3212 8 0.05
3213 8 0.05
3214 8 0.06
3215 8 0.04
3216 8 0.07
3217 8 0.04
3218 8 0.05
3219 8 0.06
3220 8 0.05
3221 8 0.06
3222 8 0.05
3223 8 0.05
3224 8 0.06
3225 8 0.05
3226 8 0.06
3227 8 0.05
3228 8 0.06
3229 8 0.04
3230 8 0.05
3231 8 0.06
3232 8 0.05
3233 8 0.06
3234 8 0.05
3235 8 0.06
3236 8 0.05
3237 8 0.05
3238 8 0.06
3239 8 0.05
3240 8 0.06
3241 8 0.05
3242 8 0.04
3243 8 0.06
3244 8 0.05
3245 8 0.06
3246 8 0.05
3247 8 0.05
3248 8 0.06
3249 8 0.05
3250 8 0.06
3251 8 0.05
3252 8 0.06
3253 8 0.05
3254 8 0.06
3255 8 0.05
3256 8 0.06
3257 8 0.04
3258 8 0.05
3259 8 0.06
3260 8 0.05
3261 8 0.06
3262 8 0.05
3263 8 0.06
3264 8 0.05
3265 8 0.05
3266 8 0.06
3267 8 0.05
3268 8 0.06
3269 8 0.05
3270 8 0.06
3271 8 0.04
3272 8 0.07
3273 8 0.04
3274 8 0.07
3275 8 0.04
3276 8 0.07
3277 8 0.04
3278 8 0.05
3279 8 0.06
3280 8 0.05
3281 8 0.06
3282 8 0.05
3283 8 0.06
3284 8 0.05
3285 8 0.06
3286 8 0.05
3287 8 0.06
3288 8 0.05
3289 8 0.06
3290 8 0.05
3291 8 0.06
3292 8 0.05
3293 8 0.06
3294 8 0.04
3295 8 0.07
3296 8 0.04
3297 8 0.07
3298 8 0.04
3299 8 0.07
3300 8 0.04
3301 8 0.07
3302 8 0.04
3303 8 0.06
3304 8 0.05
3305 8 0.06
3306 8 0.05
3307 8 0.06
3308 8 0.05
3309 8 0.06
3310 8 0.07
3311 8 0.04
3312 8 0.06
3313 8 0.05
3314 8 0.06
3315 8 0.05
3316 8 0.06
3317 8 0.05
3318 8 0.06
3319 8 0.05
3320 8 0.06
3321 8 0.05
3322 8 0.06
3323 8 0.05
3324 8 0.06
3325 8 0.05
3326 8 0.06
3327 8 0.05
3328 8 0.06
3329 8 0.05
3330 8 0.06
3331 8 0.06
3332 8 0.05
3333 8 0.06
3334 8 0.05
3335 8 0.04
3336 8 0.07
3337 8 0.06
3338 8 0.05
3339 8 0.06
3340 8 0.05
3341 8 0.06
3342 8 0.05
3343 8 0.06
3344 8 0.04
3345 8 0.07
3346 8 0.04
3347 8 0.07
3348 8 0.06
3349 8 0.05
3350 8 0.06
3351 8 0.05
3352 8 0.06
3353 8 0.04
3354 8 0.07
3355 8 0.04
3356 8 0.07
3357 8 0.04
3358 8 0.07
3359 8 0.04
3360 8 0.07
3361 8 0.06
3362 8 0.04
3363 8 0.07
3364 8 0.06
3365 8 0.05
3366 8 0.06
3367 8 0.05
3368 8 0.06
3369 8 0.06
3370 8 0.05
3371 8 0.06
3372 8 0.06
3373 8 0.05
3374 8 0.06
3375 8 0.05
3376 8 0.06
3377 8 0.05
3378 8 0.06
3379 8 0.06
3380 8 0.05
3381 8 0.06
3382 8 0.05
3383 8 0.06
3384 8 0.06
3385 8 0.05
3386 8 0.06
3387 8 0.05
3388 8 0.06
3389 8 0.05
3390 8 0.06
3391 8 0.05
3392 8 0.06
3393 8 0.06
3394 8 0.05
3395 8 0.06
3396 8 0.05
3397 8 0.06
3398 8 0.07
3399 8 0.04
3400 8 0.07
3401 8 0.04
3402 8 0.06
3403 8 0.05
3404 8 0.06
3405 8 0.05
3406 8 0.06
3407 8 0.07
3408 8 0.04
3409 8 0.07
3410 8 0.04
3411 8 0.06
3412 8 0.05
3413 8 0.06
3414 8 0.07
3415 8 0.04
3416 8 0.07
3417 8 0.04
3418 8 0.07
3419 8 0.06
3420 8 0.04
3421 8 0.07
3422 8 0.06
3423 8 0.05
3424 8 0.06
3425 8 0.05
3426 8 0.06
3427 8 0.06
3428 8 0.05
3429 8 0.06
3430 8 0.05
3431 8 0.06
3432 8 0.06
3433 8 0.05
3434 8 0.06
3435 8 0.05
3436 8 0.06
3437 8 0.06
3438 8 0.05
3439 8 0.06
3440 8 0.05
3441 8 0.06
3442 8 0.06
3443 8 0.05
3444 8 0.06
3445 8 0.05
3446 8 0.06
3447 8 0.05
3448 8 0.06
3449 8 0.07
3450 8 0.04
3451 8 0.06
3452 8 0.07
3453 8 0.04
3454 8 0.07
3455 8 0.06
3456 8 0.05
3457 8 0.06
3458 8 0.06
3459 8 0.05
3460 8 0.06
3461 8 0.06
3462 8 0.05
3463 8 0.06
3464 8 0.06
3465 8 0.05
3466 8 0.06
3467 8 0.07
3468 8 0.04
3469 8 0.07
3470 8 0.06
3471 8 0.05
3472 8 0.06
3473 8 0.04
3474 8 0.07
3475 8 0.06
3476 8 0.06
3477 8 0.05
3478 8 0.06
3479 8 0.06
3480 8 0.05
3481 8 0.06
3482 8 0.07
3483 8 0.04
3484 8 0.07
3485 8 0.06
3486 8 0.04
3487 8 0.07
3488 8 0.06
3489 8 0.05
3490 8 0.06
3491 8 0.06
3492 8 0.06
3493 8 0.05
3494 8 0.06
3495 8 0.07
3496 8 0.04
3497 8 0.07
3498 8 0.06
3499 8 0.04
3500 8 0.07
3501 8 0.06
3502 8 0.05
3503 8 0.06
3504 8 0.06
3505 8 0.06
3506 8 0.05
3507 8 0.06
3508 8 0.07
3509 8 0.04
3510 8 0.07
3511 8 0.06
3512 8 0.04
3513 8 0.07
3514 8 0.06
3515 8 0.06
3516 8 0.05
3517 8 0.06
3518 8 0.06
3519 8 0.05
3520 8 0.06
3521 8 0.07
3522 8 0.06
3523 8 0.05
3524 8 0.06
3525 8 0.06
3526 8 0.06
3527 8 0.05
3528 8 0.06
3529 8 0.06
3530 8 0.05
3531 8 0.06
3532 8 0.07
3533 8 0.06
3534 8 0.05
3535 8 0.06
3536 8 0.06
3537 8 0.06
3538 8 0.05
3539 8 0.06
3540 8 0.07
3541 8 0.04
3542 8 0.06
3543 8 0.07
3544 8 0.06
3545 8 0.05
3546 8 0.06
3547 8 0.06
3548 8 0.06
3549 8 0.05
3550 8 0.06
3551 8 0.07
3552 8 0.06
3553 8 0.06
3554 8 0.05
3555 8 0.06
3556 8 0.06
3557 8 0.07
3558 8 0.06
3559 8 0.06
3560 8 0.05
3561 8 0.06
3562 8 0.06
3563 8 0.06
3564 8 0.05
3565 8 0.06
3566 8 0.07
3567 8 0.06
3568 8 0.05
3569 8 0.06
3570 8 0.06
3571 8 0.06
3572 8 0.05
3573 8 0.06
3574 8 0.07
3575 8 0.06
3576 8 0.04
3577 8 0.07
3578 8 0.06
3579 8 0.06
3580 8 0.05
3581 8 0.06
3582 8 0.06
3583 8 0.07
3584 8 0.04
3585 8 0.07
3586 8 0.06
3587 8 0.06
3588 8 0.06
3589 8 0.05
3590 8 0.06
3591 8 0.07
3592 8 0.06
3593 8 0.04
3594 8 0.07
3595 8 0.06
3596 8 0.06
3597 8 0.05
3598 8 0.06
3599 8 0.06
3600 8 0.07
3601 8 0.06
3602 8 0.05
3603 8 0.06
3604 8 0.06
3605 8 0.06
3606 8 0.07
3607 8 0.06
3608 8 0.05
3609 8 0.06
3610 8 0.06
3611 8 0.06
3612 8 0.05
3613 8 0.06
3614 8 0.06
3615 8 0.07
3616 8 0.06
3617 8 0.05
3618 8 0.06
3619 8 0.06
3620 8 0.06
3621 8 0.07
3622 8 0.06
3623 8 0.06
3624 8 0.05
3625 8 0.06
3626 8 0.06
3627 8 0.07
3628 8 0.06
3629 8 0.05
3630 8 0.06
3631 8 0.06
3632 8 0.06
3633 8 0.07
3634 8 0.06
3635 8 0.06
3636 8 0.06
3637 8 0.07
3638 8 0.04
3639 8 0.06
3640 8 0.07
3641 8 0.06
3642 8 0.06
3643 8 0.06
3644 8 0.05
3645 8 0.06
3646 8 0.07
3647 8 0.06
3648 8 0.06
3649 8 0.06
3650 8 0.05
3651 8 0.06
3652 8 0.07
3653 8 0.06
3654 8 0.06
3655 8 0.06
3656 8 0.07
3657 8 0.06
3658 8 0.05
3659 8 0.06
3660 8 0.06
3661 8 0.06
3662 8 0.07
3663 8 0.06
3664 8 0.04
3665 8 0.07
3666 8 0.06
3667 8 0.06
3668 8 0.06
3669 8 0.07
3670 8 0.06
3671 8 0.05
3672 8 0.06
3673 8 0.06
3674 8 0.06
3675 8 0.07
3676 8 0.06
3677 8 0.06
3678 8 0.06
3679 8 0.05
3680 8 0.06
3681 8 0.07
3682 8 0.06
3683 8 0.06
3684 8 0.06
3685 8 0.07
3686 8 0.06
3687 8 0.06
3688 8 0.06
3689 8 0.07
3690 8 0.04
3691 8 0.07
3692 8 0.06
3693 8 0.06
3694 8 0.06
3695 8 0.07
3696 8 0.06
3697 8 0.04
3698 8 0.07
3699 8 0.06
3700 8 0.06
3701 8 0.06
3702 8 0.07
3703 8 0.06
3704 8 0.05
3705 8 0.06
3706 8 0.06
3707 8 0.06
3708 8 0.07
3709 8 0.06
3710 8 0.06
3711 8 0.06
3712 8 0.07
3713 8 0.04
3714 8 0.07
3715 8 0.06
3716 8 0.06
3717 8 0.06
3718 8 0.07
3719 8 0.06
3720 8 0.06
3721 8 0.06
3722 8 0.07
3723 8 0.06
3724 8 0.06
3725 8 0.06
3726 8 0.07
3727 8 0.06
3728 8 0.06
3729 8 0.06
3730 8 0.07
3731 8 0.06
3732 8 0.06
3733 8 0.06
3734 8 0.07
3735 8 0.06
3736 8 0.06
3737 8 0.06
3738 8 0.07
3739 8 0.06
3740 8 0.06
3741 8 0.06
3742 8 0.07
3743 8 0.06
3744 8 0.06
3745 8 0.06
3746 8 0.07
3747 8 0.06
3748 8 0.06
3749 8 0.06
3750 8 0.07
3751 8 0.06
3752 8 0.06
3753 8 0.06
3754 8 0.07
3755 8 0.06
3756 8 0.06
3757 8 0.05
3758 8 0.06
3759 8 0.06
3760 8 0.07
3761 8 0.06
3762 8 0.06
3763 8 0.06
3764 8 0.07
3765 8 0.06
3766 8 0.06
3767 8 0.06
3768 8 0.07
3769 8 0.06
3770 8 0.06
3771 8 0.06
3772 8 0.07
3773 8 0.06
3774 8 0.06
3775 8 0.06
3776 8 0.07
3777 8 0.06
3778 8 0.06
3779 8 0.06
3780 8 0.07
3781 8 0.06
3782 8 0.04
3783 8 0.07
3784 8 0.08
3785 8 0.04
3786 8 0.06
3787 8 0.07
3788 8 0.06
3789 8 0.06
3790 8 0.06
3791 8 0.07
3792 8 0.06
3793 8 0.06
3794 8 0.06
3795 8 0.07
3796 8 0.06
3797 8 0.06
3798 8 0.06
3799 8 0.07
3800 8 0.06
3801 8 0.06
3802 8 0.06
3803 8 0.07
3804 8 0.06
3805 8 0.06
3806 8 0.06
3807 8 0.07
3808 8 0.06
3809 8 0.06
3810 8 0.06
3811 8 0.07
3812 8 0.06
3813 8 0.06
3814 8 0.06
3815 8 0.07
3816 8 0.06
3817 8 0.06
3818 8 0.06
3819 8 0.07
3820 8 0.06
3821 8 0.08
3822 8 0.06
3823 8 0.06
3824 8 0.07
3825 8 0.06
3826 8 0.06
3827 8 0.06
3828 8 0.07
3829 8 0.06
3830 8 0.06
3831 8 0.06
3832 8 0.07
3833 8 0.06
3834 8 0.06
3835 8 0.06
3836 8 0.07
3837 8 0.06
3838 8 0.06
3839 8 0.06
3840 8 0.07
3841 8 0.06
3842 8 0.06
3843 8 0.06
3844 8 0.07
3845 8 0.07
3846 8 0.07
3847 8 0.06
3848 8 0.06
3849 8 0.06
3850 8 0.07
3851 8 0.06
3852 8 0.06
3853 8 0.06
3854 8 0.07
3855 8 0.06
3856 8 0.06
3857 8 0.06
3858 8 0.07
3859 8 0.06
3860 8 0.06
3861 8 0.06
3862 8 0.07
3863 8 0.07
3864 8 0.07
3865 8 0.06
3866 8 0.06
3867 8 0.06
3868 8 0.07
3869 8 0.06
3870 8 0.06
3871 8 0.06
3872 8 0.08
3873 8 0.06
3874 8 0.07
3875 8 0.06
3876 8 0.06
3877 8 0.06
3878 8 0.07
3879 8 0.06
3880 8 0.06
3881 8 0.06
3882 8 0.07
3883 8 0.06
3884 8 0.06
3885 8 0.08
3886 8 0.06
3887 8 0.07
3888 8 0.06
3889 8 0.06
3890 8 0.06
3891 8 0.07
3892 8 0.06
3893 8 0.06
3894 8 0.06
3895 8 0.07
3896 8 0.07
3897 8 0.07
3898 8 0.06
3899 8 0.06
3900 8 0.08
3901 8 0.06
3902 8 0.06
3903 8 0.07
3904 8 0.06
3905 8 0.06
3906 8 0.06
3907 8 0.07
3908 8 0.06
3909 8 0.08
3910 8 0.06
3911 8 0.06
3912 8 0.06
3913 8 0.07
3914 8 0.06
3915 8 0.06
3916 8 0.06
3917 8 0.08
3918 8 0.07
3919 8 0.06
3920 8 0.06
3921 8 0.06
3922 8 0.07
3923 8 0.06
3924 8 0.06
3925 8 0.06
3926 8 0.08
3927 8 0.06
3928 8 0.07
3929 8 0.06
3930 8 0.06
3931 8 0.06
3932 8 0.07
3933 8 0.06
3934 8 0.06
3935 8 0.08
3936 8 0.06
3937 8 0.06
3938 8 0.07
3939 8 0.06
3940 8 0.06
3941 8 0.08
3942 8 0.06
3943 8 0.06
3944 8 0.07
3945 8 0.06
3946 8 0.06
3947 8 0.08
3948 8 0.06
3949 8 0.07
3950 8 0.06
3951 8 0.06
3952 8 0.06
3953 8 0.07
3954 8 0.07
3955 8 0.07
3956 8 0.06
3957 8 0.06
3958 8 0.06
3959 8 0.07
3960 8 0.07
3961 8 0.07
3962 8 0.06
3963 8 0.06
3964 8 0.08
3965 8 0.06
3966 8 0.06
3967 8 0.07
3968 8 0.08
3969 8 0.06
3970 8 0.06
3971 8 0.06
3972 8 0.07
3973 8 0.07
3974 8 0.07
3975 8 0.06
3976 8 0.06
3977 8 0.06
3978 8 0.07
3979 8 0.07
3980 8 0.07
3981 8 0.06
3982 8 0.06
3983 8 0.06
3984 8 0.08
3985 8 0.06
3986 8 0.07
3987 8 0.06
3988 8 0.06
3989 8 0.08
3990 8 0.06
3991 8 0.07
3992 8 0.06
3993 8 0.06
3994 8 0.08
3995 8 0.06
3996 8 0.06
3997 8 0.07
3998 8 0.06
3999 8 0.08
4000 8 0.06
4001 8 0.06
4002 8 0.06
4003 8 0.08
4004 8 0.06
4005 8 0.07
4006 8 0.06
4007 8 0.08
4008 8 0.06
4009 8 0.06
4010 8 0.07
4011 8 0.06
4012 8 0.08
4013 8 0.06
4014 8 0.06
4015 8 0.06
4016 8 0.07
4017 8 0.07
4018 8 0.07
4019 8 0.06
4020 8 0.06
4021 8 0.06
4022 8 0.08
4023 8 0.06
4024 8 0.07
4025 8 0.06
4026 8 0.06
4027 8 0.06
4028 8 0.07
4029 8 0.06
4030 8 0.06
4031 8 0.08
4032 8 0.06
4033 8 0.07
4034 8 0.06
4035 8 0.08
4036 8 0.06
4037 8 0.06
4038 8 0.06
4039 8 0.08
4040 8 0.06
4041 8 0.07
4042 8 0.06
4043 8 0.08
4044 8 0.06
4045 8 0.06
4046 8 0.06
4047 8 0.08
4048 8 0.07
4049 8 0.06
4050 8 0.06
4051 8 0.08
4052 8 0.06
4053 8 0.06
4054 8 0.08
4055 8 0.06
4056 8 0.07
4057 8 0.07
4058 8 0.07
4059 8 0.06
4060 8 0.08
4061 8 0.06
4062 8 0.06
4063 8 0.07
4064 8 0.07
4065 8 0.07
4066 8 0.07
4067 8 0.07
4068 8 0.06
4069 8 0.08
4070 8 0.06
4071 8 0.06
4072 8 0.06
4073 8 0.08
4074 8 0.07
4075 8 0.06
4076 8 0.08
4077 8 0.06
4078 8 0.06
4079 8 0.06
4080 8 0.08
4081 8 0.06
4082 8 0.07
4083 8 0.07
4084 8 0.07
4085 8 0.06
4086 8 0.08
4087 8 0.06
4088 8 0.06
4089 8 0.08
4090 8 0.06
4091 8 0.07
4092 8 0.07
4093 8 0.07
4094 8 0.06
4095 8 0.06
