0 2 0
1 2 0
2 2 0
3 2 0
4 2 0
5 2 0
6 2 0
7 2 0
8 2 0
9 2 0
10 2 0
11 2 0
12 2 0
13 2 0
14 2 0
15 2 0.02
16 2 0
17 2 0
18 2 0
19 2 0
20 2 0
21 2 0
22 2 0
23 2 0
24 2 0
25 2 0
26 2 0.02
27 2 0
28 2 0
29 2 0
30 2 0
31 2 0
32 2 0
33 2 0
34 2 0.01
35 2 0
36 2 0
37 2 0
38 2 0
39 2 0
40 2 0.02
41 2 0
42 2 0
43 2 0
44 2 0
45 2 0
46 2 0.01
47 2 0
48 2 0
49 2 0
50 2 0
51 2 0.02
52 2 0
53 2 0
54 2 0
55 2 0
56 2 0.01
57 2 0
58 2 0
59 2 0
60 2 0.02
61 2 0
62 2 0
63 2 0
64 2 0.02
65 2 0
66 2 0
67 2 0.01
68 2 0
69 2 0
70 2 0.02
71 2 0
72 2 0.01
73 2 0
74 2 0
75 2 0.02
76 2 0
77 2 0
78 2 0.01
79 2 0
80 2 0
81 2 0.02
82 2 0
83 2 0.01
84 2 0
85 2 0
86 2 0.02
87 2 0
88 2 0
89 2 0.02
90 2 0
91 2 0
92 2 0.01
93 2 0
94 2 0.02
95 2 0
96 2 0
97 2 0.01
98 2 0
99 2 0.02
100 2 0
101 2 0
102 2 0.01
103 2 0
104 2 0.02
105 2 0
106 2 0
107 2 0.02
108 2 0
109 2 0.01
110 2 0
111 2 0.02
112 2 0
113 2 0.01
114 2 0
115 2 0.02
116 2 0
117 2 0.01
118 2 0
119 2 0
120 2 0.02
121 2 0
122 2 0.01
123 2 0
124 2 0.02
125 2 0
126 2 0.02
127 2 0.01
128 2 0
129 2 0.02
130 2 0
131 2 0.01
132 2 0
133 2 0.02
134 2 0
135 2 0.01
136 2 0
137 2 0.02
138 2 0.02
139 2 0
140 2 0.01
141 2 0
142 2 0.02
143 2 0
144 2 0.01
145 2 0.02
146 2 0
147 2 0.01
148 2 0.02
149 2 0
150 2 0.01
151 2 0.02
152 2 0
153 2 0.02
154 2 0.01
155 2 0.02
156 2 0
157 2 0.01
158 2 0.02
159 2 0.01
160 2 0
161 2 0.02
162 2 0.02
163 2 0
164 2 0.01
165 2 0.02
166 2 0.01
167 2 0
168 2 0.02
169 2 0.01
170 2 0.02
171 2 0.01
172 2 0
173 2 0.02
174 2 0.02
175 2 0.01
176 2 0
177 2 0.02
178 2 0.01
179 2 0.02
180 2 0
181 2 0.01
182 2 0.02
183 2 0
184 2 0.02
185 2 0.01
186 2 0.02
187 2 0.01
188 2 0.02
189 2 0
190 2 0.01
191 2 0.02
192 2 0.01
193 2 0.02
194 2 0.02
195 2 0.01
196 2 0.02
197 2 0.01
198 2 0
199 2 0.02
200 2 0.01
201 2 0.02
202 2 0.02
203 2 0.01
204 2 0.02
205 2 0.01
206 2 0.02
207 2 0.01
208 2 0.02
209 2 0.01
210 2 0.02
211 2 0.02
212 2 0
213 2 0.01
214 2 0.02
215 2 0.01
216 2 0.02
217 2 0.01
218 2 0.02
219 2 0.02
220 2 0.01
221 2 0.02
222 2 0.01
223 2 0.02
224 2 0.01
225 2 0.02
226 2 0.01
227 2 0.02
228 2 0.02
229 2 0.01
230 2 0.03
231 2 0.02
232 2 0.01
233 2 0.02
234 2 0.02
235 2 0.01
236 2 0.02
237 2 0.01
238 2 0.02
239 2 0.01
240 2 0.02
241 2 0.01
242 2 0.02
243 2 0.03
244 2 0.02
245 2 0.01
246 2 0.02
247 2 0.01
248 2 0.02
249 2 0.02
250 2 0.01
251 2 0.02
252 2 0.03
253 2 0.01
254 2 0.02
255 2 0.01
256 2 0.02
257 2 0.02
258 2 0.01
259 2 0.03
260 2 0.02
261 2 0.01
262 2 0.02
263 2 0.02
264 2 0.03
265 2 0.01
266 2 0.02
267 2 0.01
268 2 0.02
269 2 0.01
270 2 0.04
271 2 0.01
272 2 0.02
273 2 0.01
274 2 0.03
275 2 0.02
276 2 0.02
277 2 0.01
278 2 0.03
279 2 0.02
280 2 0.01
281 2 0.02
282 2 0.03
283 2 0.02
284 2 0.01
285 2 0.02
286 2 0.03
287 2 0.01
288 2 0.02
289 2 0.02
290 2 0.03
291 2 0.01
292 2 0.02
293 2 0.03
294 2 0.01
295 2 0.02
296 2 0.03
297 2 0.02
298 2 0.01
299 2 0.03
300 2 0.02
301 2 0.02
302 2 0.03
303 2 0.01
304 2 0.02
305 2 0.03
306 2 0.01
307 2 0.02
308 2 0.03
309 2 0.02
310 2 0.03
311 2 0.01
312 2 0.02
313 2 0.03
314 2 0.02
315 2 0.01
316 2 0.03
317 2 0.02
318 2 0.03
319 2 0.02
320 2 0.01
321 2 0.03
322 2 0.02
323 2 0.03
324 2 0.02
325 2 0.03
326 2 0.01
327 2 0.02
328 2 0.03
329 2 0.01
330 2 0.04
331 2 0.01
332 2 0.03
333 2 0.02
334 2 0.03
335 2 0.02
336 2 0.03
337 2 0.01
338 2 0.03
339 2 0.02
340 2 0.03
341 2 0.02
342 2 0.03
343 2 0.01
344 2 0.03
345 2 0.02
346 2 0.03
347 2 0.03
348 2 0.02
349 2 0.03
350 2 0.01
351 2 0.04
352 2 0.01
353 2 0.03
354 2 0.02
355 2 0.03
356 2 0.03
357 2 0.02
358 2 0.03
359 2 0.01
360 2 0.03
361 2 0.04
362 2 0.01
363 2 0.03
364 2 0.02
365 2 0.03
366 2 0.03
367 2 0.02
368 2 0.03
369 2 0.01
370 2 0.03
371 2 0.04
372 2 0.01
373 2 0.03
374 2 0.02
375 2 0.03
376 2 0.03
377 2 0.03
378 2 0.02
379 2 0.03
380 2 0.03
381 2 0.02
382 2 0.03
383 2 0.03
384 2 0.01
385 2 0.04
386 2 0.03
387 2 0.01
388 2 0.03
389 2 0.03
390 2 0.04
391 2 0.01
392 2 0.03
393 2 0.03
394 2 0.04
395 2 0.01
396 2 0.03
397 2 0.03
398 2 0.03
399 2 0.02
400 2 0.03
401 2 0.03
402 2 0.03
403 2 0.04
404 2 0.01
405 2 0.03
406 2 0.03
407 2 0.03
408 2 0.04
409 2 0.03
410 2 0.01
411 2 0.03
412 2 0.04
413 2 0.03
414 2 0.03
415 2 0.03
416 2 0.03
417 2 0.03
418 2 0.03
419 2 0.03
420 2 0.02
421 2 0.03
422 2 0.03
423 2 0.03
424 2 0.03
425 2 0.04
426 2 0.03
427 2 0.03
428 2 0.01
429 2 0.04
430 2 0.03
431 2 0.03
432 2 0.03
433 2 0.03
434 2 0.03
435 2 0.03
436 2 0.03
437 2 0.02
438 2 0.03
439 2 0.03
440 2 0.03
441 2 0.03
442 2 0.04
443 2 0.03
444 2 0.03
445 2 0.03
446 2 0.03
447 2 0.03
448 2 0.03
449 2 0.03
450 2 0.04
451 2 0.03
452 2 0.03
453 2 0.03
454 2 0.03
455 2 0.03
456 2 0.03
457 2 0.03
458 2 0.04
459 2 0.03
460 2 0.03
461 2 0.03
462 2 0.03
463 2 0.03
464 2 0.05
465 2 0.03
466 2 0.03
467 2 0.03
468 2 0.03
469 2 0.04
470 2 0.03
471 2 0.03
472 2 0.03
473 2 0.03
474 2 0.03
475 2 0.03
476 2 0.03
477 2 0.05
478 2 0.03
479 2 0.03
480 2 0.03
481 2 0.04
482 2 0.03
483 2 0.03
484 2 0.03
485 2 0.03
486 2 0.03
487 2 0.05
488 2 0.03
489 2 0.03
490 2 0.03
491 2 0.03
492 2 0.04
493 2 0.03
494 2 0.04
495 2 0.03
496 2 0.04
497 2 0.03
498 2 0.03
499 2 0.05
500 2 0.03
501 2 0.03
502 2 0.03
503 2 0.03
504 2 0.05
505 2 0.03
506 2 0.03
507 2 0.03
508 2 0.05
509 2 0.03
510 2 0.03
511 2 0.05
512 2 0.03
513 2 0.03
514 2 0.03
515 2 0.05
516 2 0.03
517 2 0.03
518 2 0.05
519 2 0.03
520 2 0.03
521 2 0.03
522 2 0.05
523 2 0.03
524 2 0.03
525 2 0.05
526 2 0.03
527 2 0.03
528 2 0.05
529 2 0.03
530 2 0.03
531 2 0.05
532 2 0.03
533 2 0.03
534 2 0.05
535 2 0.03
536 2 0.04
537 2 0.03
538 2 0.04
539 2 0.04
540 2 0.03
541 2 0.05
542 2 0.03
543 2 0.05
544 2 0.03
545 2 0.03
546 2 0.05
547 2 0.03
548 2 0.05
549 2 0.03
550 2 0.03
551 2 0.05
552 2 0.03
553 2 0.04
554 2 0.04
555 2 0.04
556 2 0.03
557 2 0.03
558 2 0.05
559 2 0.03
560 2 0.05
561 2 0.03
562 2 0.05
563 2 0.03
564 2 0.05
565 2 0.03
566 2 0.04
567 2 0.04
568 2 0.04
569 2 0.03
570 2 0.05
571 2 0.03
572 2 0.05
573 2 0.03
574 2 0.05
575 2 0.03
576 2 0.04
577 2 0.04
578 2 0.04
579 2 0.03
580 2 0.05
581 2 0.03
582 2 0.05
583 2 0.05
584 2 0.03
585 2 0.04
586 2 0.04
587 2 0.04
588 2 0.05
589 2 0.03
590 2 0.05
591 2 0.03
592 2 0.05
593 2 0.04
594 2 0.03
595 2 0.05
596 2 0.05
597 2 0.03
598 2 0.05
599 2 0.03
600 2 0.04
601 2 0.05
602 2 0.03
603 2 0.05
604 2 0.03
605 2 0.05
606 2 0.04
607 2 0.03
608 2 0.05
609 2 0.03
610 2 0.05
611 2 0.05
612 2 0.03
613 2 0.03
614 2 0.05
615 2 0.03
616 2 0.04
617 2 0.05
618 2 0.03
619 2 0.05
620 2 0.05
621 2 0.03
622 2 0.04
623 2 0.05
624 2 0.03
625 2 0.05
626 2 0.05
627 2 0.04
628 2 0.05
629 2 0.03
630 2 0.05
631 2 0.04
632 2 0.04
633 2 0.04
634 2 0.05
635 2 0.05
636 2 0.04
637 2 0.03
638 2 0.05
639 2 0.05
640 2 0.05
641 2 0.03
642 2 0.04
643 2 0.05
644 2 0.05
645 2 0.03
646 2 0.05
647 2 0.04
648 2 0.05
649 2 0.05
650 2 0.03
651 2 0.04
652 2 0.05
653 2 0.05
654 2 0.04
655 2 0.05
656 2 0.03
657 2 0.05
658 2 0.05
659 2 0.04
660 2 0.05
661 2 0.05
662 2 0.04
663 2 0.05
664 2 0.03
665 2 0.05
666 2 0.05
667 2 0.04
668 2 0.05
669 2 0.05
670 2 0.04
671 2 0.05
672 2 0.03
673 2 0.05
674 2 0.05
675 2 0.04
676 2 0.05
677 2 0.05
678 2 0.04
679 2 0.05
680 2 0.05
681 2 0.04
682 2 0.05
683 2 0.05
684 2 0.04
685 2 0.05
686 2 0.05
687 2 0.04
688 2 0.05
689 2 0.05
690 2 0.05
691 2 0.04
692 2 0.05
693 2 0.05
694 2 0.04
695 2 0.05
696 2 0.05
697 2 0.04
698 2 0.05
699 2 0.05
700 2 0.04
701 2 0.05
702 2 0.05
703 2 0.04
704 2 0.05
705 2 0.05
706 2 0.05
707 2 0.04
708 2 0.05
709 2 0.05
710 2 0.04
711 2 0.05
712 2 0.06
713 2 0.05
714 2 0.05
715 2 0.04
716 2 0.05
717 2 0.05
718 2 0.04
719 2 0.05
720 2 0.05
721 2 0.04
722 2 0.07
723 2 0.04
724 2 0.05
725 2 0.05
726 2 0.04
727 2 0.05
728 2 0.05
729 2 0.04
730 2 0.07
731 2 0.04
732 2 0.05
733 2 0.05
734 2 0.04
735 2 0.05
736 2 0.05
737 2 0.06
738 2 0.05
739 2 0.04
740 2 0.05
741 2 0.05
742 2 0.06
743 2 0.05
744 2 0.04
745 2 0.05
746 2 0.05
747 2 0.06
748 2 0.05
749 2 0.04
750 2 0.05
751 2 0.06
752 2 0.05
753 2 0.05
754 2 0.04
755 2 0.07
756 2 0.04
757 2 0.05
758 2 0.05
759 2 0.04
760 2 0.07
761 2 0.04
762 2 0.05
763 2 0.06
764 2 0.05
765 2 0.05
766 2 0.06
767 2 0.05
768 2 0.04
769 2 0.05
770 2 0.06
771 2 0.05
772 2 0.05
773 2 0.06
774 2 0.05
775 2 0.04
776 2 0.07
777 2 0.04
778 2 0.05
779 2 0.06
780 2 0.05
781 2 0.06
782 2 0.05
783 2 0.04
784 2 0.07
785 2 0.04
786 2 0.05
787 2 0.06
788 2 0.05
789 2 0.06
790 2 0.05
791 2 0.05
792 2 0.06
793 2 0.05
794 2 0.06
795 2 0.05
796 2 0.04
797 2 0.06
798 2 0.05
799 2 0.06
800 2 0.05
801 2 0.06
802 2 0.05
803 2 0.06
804 2 0.05
805 2 0.06
806 2 0.05
807 2 0.06
808 2 0.05
809 2 0.05
810 2 0.06
811 2 0.06
812 2 0.05
813 2 0.04
814 2 0.07
815 2 0.04
816 2 0.07
817 2 0.04
818 2 0.07
819 2 0.06
820 2 0.04
821 2 0.07
822 2 0.04
823 2 0.07
824 2 0.04
825 2 0.07
826 2 0.04
827 2 0.07
828 2 0.04
829 2 0.06
830 2 0.05
831 2 0.06
832 2 0.07
833 2 0.04
834 2 0.07
835 2 0.04
836 2 0.07
837 2 0.06
838 2 0.04
839 2 0.07
840 2 0.04
841 2 0.07
842 2 0.06
843 2 0.05
844 2 0.06
845 2 0.06
846 2 0.05
847 2 0.06
848 2 0.05
849 2 0.06
850 2 0.06
851 2 0.05
852 2 0.06
853 2 0.06
854 2 0.05
855 2 0.06
856 2 0.07
857 2 0.04
858 2 0.07
859 2 0.06
860 2 0.04
861 2 0.07
862 2 0.06
863 2 0.05
864 2 0.06
865 2 0.06
866 2 0.05
867 2 0.06
868 2 0.06
869 2 0.05
870 2 0.06
871 2 0.07
872 2 0.06
873 2 0.04
874 2 0.07
875 2 0.06
876 2 0.06
877 2 0.06
878 2 0.07
879 2 0.04
880 2 0.07
881 2 0.06
882 2 0.06
883 2 0.05
884 2 0.06
885 2 0.06
886 2 0.07
887 2 0.06
888 2 0.06
889 2 0.06
890 2 0.07
891 2 0.04
892 2 0.07
893 2 0.06
894 2 0.06
895 2 0.06
896 2 0.05
897 2 0.06
898 2 0.06
899 2 0.07
900 2 0.06
901 2 0.06
902 2 0.05
903 2 0.06
904 2 0.06
905 2 0.07
906 2 0.06
907 2 0.06
908 2 0.06
909 2 0.07
910 2 0.06
911 2 0.05
912 2 0.06
913 2 0.06
914 2 0.06
915 2 0.07
916 2 0.06
917 2 0.06
918 2 0.06
919 2 0.07
920 2 0.06
921 2 0.05
922 2 0.06
923 2 0.06
924 2 0.06
925 2 0.07
926 2 0.06
927 2 0.06
928 2 0.06
929 2 0.07
930 2 0.06
931 2 0.06
932 2 0.06
933 2 0.07
934 2 0.06
935 2 0.06
936 2 0.06
937 2 0.07
938 2 0.06
939 2 0.06
940 2 0.06
941 2 0.07
942 2 0.06
943 2 0.06
944 2 0.06
945 2 0.07
946 2 0.06
947 2 0.06
948 2 0.06
949 2 0.07
950 2 0.06
951 2 0.06
952 2 0.06
953 2 0.07
954 2 0.06
955 2 0.06
956 2 0.06
957 2 0.07
958 2 0.06
959 2 0.06
960 2 0.06
961 2 0.07
962 2 0.06
963 2 0.08
964 2 0.06
965 2 0.06
966 2 0.06
967 2 0.07
968 2 0.06
969 2 0.06
970 2 0.06
971 2 0.08
972 2 0.06
973 2 0.07
974 2 0.06
975 2 0.06
976 2 0.06
977 2 0.07
978 2 0.07
979 2 0.07
980 2 0.06
981 2 0.06
982 2 0.06
983 2 0.07
984 2 0.08
985 2 0.06
986 2 0.06
987 2 0.06
988 2 0.08
989 2 0.06
990 2 0.07
991 2 0.06
992 2 0.06
993 2 0.08
994 2 0.06
995 2 0.06
996 2 0.07
997 2 0.07
998 2 0.07
999 2 0.06
1000 2 0.08
1001 2 0.06
1002 2 0.06
1003 2 0.07
1004 2 0.07
1005 2 0.07
1006 2 0.06
1007 2 0.08
1008 2 0.06
1009 2 0.06
1010 2 0.06
1011 2 0.08
1012 2 0.06
1013 2 0.07
1014 2 0.08
1015 2 0.06
1016 2 0.06
1017 2 0.08
1018 2 0.06
1019 2 0.06
1020 2 0.08
1021 2 0.06
1022 2 0.07
1023 2 0.07
1024 2 0.07
1025 2 0.08
1026 2 0.06
1027 2 0.08
1028 2 0.06
1029 2 0.06
1030 2 0.08
1031 2 0.06
1032 2 0.08
1033 2 0.06
1034 2 0.08
1035 2 0.06
1036 2 0.07
1037 2 0.07
1038 2 0.07
1039 2 0.07
1040 2 0.07
1041 2 0.07
1042 2 0.07
1043 2 0.08
1044 2 0.06
1045 2 0.08
1046 2 0.07
1047 2 0.07
1048 2 0.07
1049 2 0.07
1050 2 0.08
1051 2 0.06
1052 2 0.08
1053 2 0.07
1054 2 0.07
1055 2 0.07
1056 2 0.07
1057 2 0.08
1058 2 0.06
1059 2 0.08
1060 2 0.06
1061 2 0.08
1062 2 0.06
1063 2 0.08
1064 2 0.06
1065 2 0.08
1066 2 0.06
1067 2 0.08
1068 2 0.06
1069 2 0.08
1070 2 0.08
1071 2 0.06
1072 2 0.08
1073 2 0.06
1074 2 0.08
1075 2 0.06
1076 2 0.08
1077 2 0.08
1078 2 0.06
1079 2 0.08
1080 2 0.06
1081 2 0.08
1082 2 0.08
1083 2 0.06
1084 2 0.08
1085 2 0.08
1086 2 0.06
1087 2 0.08
1088 2 0.06
1089 2 0.08
1090 2 0.07
1091 2 0.07
1092 2 0.08
1093 2 0.07
1094 2 0.07
1095 2 0.07
1096 2 0.08
1097 2 0.06
1098 2 0.08
1099 2 0.08
1100 2 0.08
1101 2 0.06
1102 2 0.08
1103 2 0.08
1104 2 0.08
1105 2 0.06
1106 2 0.08
1107 2 0.07
1108 2 0.07
1109 2 0.08
1110 2 0.07
1111 2 0.08
1112 2 0.06
1113 2 0.08
1114 2 0.08
1115 2 0.08
1116 2 0.06
1117 2 0.08
1118 2 0.08
1119 2 0.06
1120 2 0.08
1121 2 0.08
1122 2 0.07
1123 2 0.08
1124 2 0.08
1125 2 0.06
1126 2 0.08
1127 2 0.08
1128 2 0.08
1129 2 0.08
1130 2 0.07
1131 2 0.08
1132 2 0.08
1133 2 0.08
1134 2 0.06
1135 2 0.08
1136 2 0.08
1137 2 0.07
1138 2 0.08
1139 2 0.08
1140 2 0.08
1141 2 0.08
1142 2 0.08
1143 2 0.07
1144 2 0.08
1145 2 0.08
1146 2 0.08
1147 2 0.08
1148 2 0.07
1149 2 0.08
1150 2 0.08
1151 2 0.08
1152 2 0.08
1153 2 0.07
1154 2 0.1
1155 2 0.08
1156 2 0.07
1157 2 0.08
1158 2 0.08
1159 2 0.08
1160 2 0.08
1161 2 0.08
1162 2 0.07
1163 2 0.1
1164 2 0.08
1165 2 0.07
1166 2 0.1
1167 2 0.08
1168 2 0.07
1169 2 0.1
1170 2 0.08
1171 2 0.07
1172 2 0.08
1173 2 0.08
1174 2 0.08
1175 2 0.09
1176 2 0.08
1177 2 0.09
1178 2 0.08
1179 2 0.08
1180 2 0.08
1181 2 0.08
1182 2 0.07
1183 2 0.08
1184 2 0.08
1185 2 0.08
1186 2 0.08
1187 2 0.09
1188 2 0.08
1189 2 0.08
1190 2 0.07
1191 2 0.08
1192 2 0.08
1193 2 0.08
1194 2 0.08
1195 2 0.08
1196 2 0.07
1197 2 0.08
1198 2 0.1
1199 2 0.07
1200 2 0.08
1201 2 0.08
1202 2 0.08
1203 2 0.08
1204 2 0.09
1205 2 0.08
1206 2 0.08
1207 2 0.07
1208 2 0.08
1209 2 0.08
1210 2 0.08
1211 2 0.09
1212 2 0.08
1213 2 0.08
1214 2 0.08
1215 2 0.07
1216 2 0.08
1217 2 0.1
1218 2 0.07
1219 2 0.08
1220 2 0.08
1221 2 0.08
1222 2 0.08
1223 2 0.08
1224 2 0.09
1225 2 0.08
1226 2 0.08
1227 2 0.07
1228 2 0.1
1229 2 0.08
1230 2 0.07
1231 2 0.08
1232 2 0.08
1233 2 0.09
1234 2 0.08
1235 2 0.08
1236 2 0.08
1237 2 0.08
1238 2 0.09
1239 2 0.08
1240 2 0.08
1241 2 0.07
1242 2 0.1
1243 2 0.08
1244 2 0.07
1245 2 0.08
1246 2 0.08
1247 2 0.09
1248 2 0.08
1249 2 0.08
1250 2 0.08
1251 2 0.09
1252 2 0.08
1253 2 0.08
1254 2 0.09
1255 2 0.08
1256 2 0.08
1257 2 0.09
1258 2 0.08
1259 2 0.08
1260 2 0.09
1261 2 0.08
1262 2 0.08
1263 2 0.09
1264 2 0.08
1265 2 0.08
1266 2 0.09
1267 2 0.08
1268 2 0.08
1269 2 0.09
1270 2 0.08
1271 2 0.09
1272 2 0.08
1273 2 0.08
1274 2 0.09
1275 2 0.08
1276 2 0.08
1277 2 0.09
1278 2 0.08
1279 2 0.1
1280 2 0.07
1281 2 0.1
1282 2 0.08
1283 2 0.07
1284 2 0.1
1285 2 0.08
1286 2 0.09
1287 2 0.08
1288 2 0.09
1289 2 0.08
1290 2 0.08
1291 2 0.09
1292 2 0.08
1293 2 0.09
1294 2 0.1
1295 2 0.08
1296 2 0.09
1297 2 0.08
1298 2 0.09
1299 2 0.08
1300 2 0.08
1301 2 0.09
1302 2 0.08
1303 2 0.09
1304 2 0.08
1305 2 0.08
1306 2 0.08
1307 2 0.09
1308 2 0.08
1309 2 0.09
1310 2 0.1
1311 2 0.07
1312 2 0.1
1313 2 0.08
1314 2 0.09
1315 2 0.09
1316 2 0.08
1317 2 0.1
1318 2 0.09
1319 2 0.08
1320 2 0.09
1321 2 0.08
1322 2 0.09
1323 2 0.1
1324 2 0.08
1325 2 0.09
1326 2 0.08
1327 2 0.09
1328 2 0.09
1329 2 0.08
1330 2 0.1
1331 2 0.07
1332 2 0.1
1333 2 0.09
1334 2 0.08
1335 2 0.09
1336 2 0.1
1337 2 0.08
1338 2 0.09
1339 2 0.08
1340 2 0.09
1341 2 0.1
1342 2 0.09
1343 2 0.08
1344 2 0.09
1345 2 0.08
1346 2 0.09
1347 2 0.1
1348 2 0.09
1349 2 0.08
1350 2 0.09
1351 2 0.1
1352 2 0.07
1353 2 0.1
1354 2 0.09
1355 2 0.1
1356 2 0.07
1357 2 0.1
1358 2 0.09
1359 2 0.08
1360 2 0.09
1361 2 0.1
1362 2 0.09
1363 2 0.09
1364 2 0.08
1365 2 0.1
1366 2 0.09
1367 2 0.09
1368 2 0.08
1369 2 0.1
1370 2 0.09
1371 2 0.09
1372 2 0.08
1373 2 0.09
1374 2 0.1
1375 2 0.09
1376 2 0.1
1377 2 0.07
1378 2 0.1
1379 2 0.09
1380 2 0.1
1381 2 0.07
1382 2 0.1
1383 2 0.09
1384 2 0.09
1385 2 0.1
1386 2 0.09
1387 2 0.08
1388 2 0.09
1389 2 0.1
1390 2 0.09
1391 2 0.1
1392 2 0.09
1393 2 0.09
1394 2 0.1
1395 2 0.07
1396 2 0.1
1397 2 0.09
1398 2 0.1
1399 2 0.09
1400 2 0.09
1401 2 0.1
1402 2 0.09
1403 2 0.09
1404 2 0.1
1405 2 0.09
1406 2 0.1
1407 2 0.07
1408 2 0.1
1409 2 0.09
1410 2 0.1
1411 2 0.09
1412 2 0.09
1413 2 0.1
1414 2 0.09
1415 2 0.09
1416 2 0.1
1417 2 0.09
1418 2 0.1
1419 2 0.09
1420 2 0.09
1421 2 0.1
1422 2 0.09
1423 2 0.09
1424 2 0.1
1425 2 0.09
1426 2 0.1
1427 2 0.09
1428 2 0.09
1429 2 0.11
1430 2 0.1
1431 2 0.09
1432 2 0.09
1433 2 0.1
1434 2 0.09
1435 2 0.09
1436 2 0.1
1437 2 0.09
1438 2 0.1
1439 2 0.09
1440 2 0.09
1441 2 0.11
1442 2 0.1
1443 2 0.09
1444 2 0.09
1445 2 0.1
1446 2 0.09
1447 2 0.1
1448 2 0.09
1449 2 0.09
1450 2 0.1
1451 2 0.09
1452 2 0.11
1453 2 0.09
1454 2 0.1
1455 2 0.09
1456 2 0.09
1457 2 0.1
1458 2 0.09
1459 2 0.1
1460 2 0.11
1461 2 0.09
1462 2 0.09
1463 2 0.1
1464 2 0.09
1465 2 0.09
1466 2 0.11
1467 2 0.1
1468 2 0.09
1469 2 0.09
1470 2 0.1
1471 2 0.11
1472 2 0.09
1473 2 0.1
1474 2 0.09
1475 2 0.11
1476 2 0.09
1477 2 0.1
1478 2 0.09
1479 2 0.09
1480 2 0.11
1481 2 0.1
1482 2 0.09
1483 2 0.11
1484 2 0.09
1485 2 0.1
1486 2 0.09
1487 2 0.11
1488 2 0.09
1489 2 0.1
1490 2 0.11
1491 2 0.09
1492 2 0.09
1493 2 0.1
1494 2 0.11
1495 2 0.09
1496 2 0.1
1497 2 0.1
1498 2 0.1
1499 2 0.09
1500 2 0.11
1501 2 0.1
1502 2 0.09
1503 2 0.11
1504 2 0.09
1505 2 0.1
1506 2 0.09
1507 2 0.11
1508 2 0.09
1509 2 0.11
1510 2 0.1
1511 2 0.09
1512 2 0.11
1513 2 0.09
1514 2 0.1
1515 2 0.11
1516 2 0.09
1517 2 0.11
1518 2 0.09
1519 2 0.1
1520 2 0.11
1521 2 0.09
1522 2 0.11
1523 2 0.09
1524 2 0.11
1525 2 0.1
1526 2 0.09
1527 2 0.11
1528 2 0.09
1529 2 0.11
1530 2 0.1
1531 2 0.09
1532 2 0.11
1533 2 0.11
1534 2 0.09
1535 2 0.11
1536 2 0.1
1537 2 0.1
1538 2 0.1
1539 2 0.11
1540 2 0.09
1541 2 0.11
1542 2 0.09
1543 2 0.11
1544 2 0.1
1545 2 0.11
1546 2 0.09
1547 2 0.11
1548 2 0.11
1549 2 0.09
1550 2 0.11
1551 2 0.1
1552 2 0.11
1553 2 0.09
1554 2 0.11
1555 2 0.09
1556 2 0.11
1557 2 0.1
1558 2 0.11
1559 2 0.1
1560 2 0.1
1561 2 0.11
1562 2 0.09
1563 2 0.11
1564 2 0.09
1565 2 0.11
1566 2 0.11
1567 2 0.1
1568 2 0.11
1569 2 0.09
1570 2 0.11
1571 2 0.09
1572 2 0.11
1573 2 0.11
1574 2 0.1
1575 2 0.11
1576 2 0.09
1577 2 0.11
1578 2 0.11
1579 2 0.09
1580 2 0.11
1581 2 0.11
1582 2 0.09
1583 2 0.11
1584 2 0.11
1585 2 0.1
1586 2 0.11
1587 2 0.11
1588 2 0.09
1589 2 0.11
1590 2 0.11
1591 2 0.09
1592 2 0.11
1593 2 0.11
1594 2 0.09
1595 2 0.11
1596 2 0.11
1597 2 0.11
1598 2 0.1
1599 2 0.11
1600 2 0.1
1601 2 0.1
1602 2 0.11
1603 2 0.11
1604 2 0.11
1605 2 0.09
1606 2 0.11
1607 2 0.11
1608 2 0.11
1609 2 0.09
1610 2 0.11
1611 2 0.11
1612 2 0.11
1613 2 0.09
1614 2 0.11
1615 2 0.11
1616 2 0.11
1617 2 0.11
1618 2 0.1
1619 2 0.1
1620 2 0.11
1621 2 0.11
1622 2 0.11
1623 2 0.1
1624 2 0.11
1625 2 0.11
1626 2 0.1
1627 2 0.11
1628 2 0.11
1629 2 0.1
1630 2 0.11
1631 2 0.14
1632 2 0.12
1633 2 0.27
1634 2 0.11
1635 2 0.11
1636 2 0.11
1637 2 0.11
1638 2 0.1
1639 2 0.11
1640 2 0.11
1641 2 0.11
1642 2 0.1
1643 2 0.11
1644 2 0.11
1645 2 0.1
1646 2 0.11
1647 2 0.11
1648 2 0.11
1649 2 0.11
1650 2 0.11
1651 2 0.11
1652 2 0.11
1653 2 0.11
1654 2 0.11
1655 2 0.11
1656 2 0.11
1657 2 0.11
1658 2 0.11
1659 2 0.11
1660 2 0.09
1661 2 0.12
1662 2 0.11
1663 2 0.11
1664 2 0.11
1665 2 0.11
1666 2 0.11
1667 2 0.11
1668 2 0.11
1669 2 0.11
1670 2 0.11
1671 2 0.11
1672 2 0.11
1673 2 0.11
1674 2 0.11
1675 2 0.11
1676 2 0.11
1677 2 0.1
1678 2 0.11
1679 2 0.11
1680 2 0.11
1681 2 0.11
1682 2 0.11
1683 2 0.11
1684 2 0.11
1685 2 0.13
1686 2 0.1
1687 2 0.11
1688 2 0.11
1689 2 0.11
1690 2 0.11
1691 2 0.11
1692 2 0.11
1693 2 0.13
1694 2 0.11
1695 2 0.1
1696 2 0.11
1697 2 0.11
1698 2 0.11
1699 2 0.11
1700 2 0.11
1701 2 0.13
1702 2 0.11
1703 2 0.11
1704 2 0.1
1705 2 0.11
1706 2 0.13
1707 2 0.11
1708 2 0.11
1709 2 0.11
1710 2 0.12
1711 2 0.11
1712 2 0.11
1713 2 0.11
1714 2 0.13
1715 2 0.1
1716 2 0.11
1717 2 0.13
1718 2 0.11
1719 2 0.11
1720 2 0.11
1721 2 0.12
1722 2 0.11
1723 2 0.11
1724 2 0.13
1725 2 0.11
1726 2 0.1
1727 2 0.11
1728 2 0.13
1729 2 0.11
1730 2 0.11
1731 2 0.11
1732 2 0.12
1733 2 0.11
1734 2 0.11
1735 2 0.13
1736 2 0.11
1737 2 0.1
1738 2 0.11
1739 2 0.13
1740 2 0.11
1741 2 0.11
1742 2 0.12
1743 2 0.11
1744 2 0.11
1745 2 0.13
1746 2 0.11
1747 2 0.12
1748 2 0.11
1749 2 0.11
1750 2 0.12
1751 2 0.11
1752 2 0.13
1753 2 0.11
1754 2 0.11
1755 2 0.12
1756 2 0.11
1757 2 0.11
1758 2 0.13
1759 2 0.11
1760 2 0.11
1761 2 0.12
1762 2 0.11
1763 2 0.12
1764 2 0.11
1765 2 0.11
1766 2 0.13
1767 2 0.11
1768 2 0.12
1769 2 0.11
1770 2 0.13
1771 2 0.11
1772 2 0.12
1773 2 0.11
1774 2 0.11
1775 2 0.13
1776 2 0.1
1777 2 0.13
1778 2 0.11
1779 2 0.12
1780 2 0.11
1781 2 0.13
1782 2 0.11
1783 2 0.12
1784 2 0.11
1785 2 0.13
1786 2 0.11
1787 2 0.12
1788 2 0.11
1789 2 0.13
1790 2 0.11
1791 2 0.12
1792 2 0.13
1793 2 0.1
1794 2 0.13
1795 2 0.11
1796 2 0.12
1797 2 0.11
1798 2 0.13
1799 2 0.11
1800 2 0.12
1801 2 0.13
1802 2 0.11
1803 2 0.12
1804 2 0.13
1805 2 0.11
1806 2 0.12
1807 2 0.13
1808 2 0.12
1809 2 0.11
1810 2 0.13
1811 2 0.12
1812 2 0.11
1813 2 0.13
1814 2 0.1
1815 2 0.13
1816 2 0.12
1817 2 0.11
1818 2 0.13
1819 2 0.12
1820 2 0.11
1821 2 0.13
1822 2 0.11
1823 2 0.12
1824 2 0.13
1825 2 0.12
1826 2 0.11
1827 2 0.13
1828 2 0.12
1829 2 0.11
1830 2 0.13
1831 2 0.12
1832 2 0.11
1833 2 0.13
1834 2 0.12
1835 2 0.11
1836 2 0.13
1837 2 0.12
1838 2 0.13
1839 2 0.1
1840 2 0.11
1841 2 0.13
1842 2 0.12
1843 2 0.11
1844 2 0.13
1845 2 0.12
1846 2 0.13
1847 2 0.11
1848 2 0.12
1849 2 0.13
1850 2 0.12
1851 2 0.11
1852 2 0.13
1853 2 0.12
1854 2 0.13
1855 2 0.11
1856 2 0.12
1857 2 0.13
1858 2 0.12
1859 2 0.13
1860 2 0.11
1861 2 0.12
1862 2 0.13
1863 2 0.12
1864 2 0.13
1865 2 0.11
1866 2 0.12
1867 2 0.13
1868 2 0.12
1869 2 0.13
1870 2 0.12
1871 2 0.13
1872 2 0.12
1873 2 0.13
1874 2 0.12
1875 2 0.11
1876 2 0.12
1877 2 0.13
1878 2 0.12
1879 2 0.13
1880 2 0.12
1881 2 0.13
1882 2 0.12
1883 2 0.13
1884 2 0.12
1885 2 0.13
1886 2 0.12
1887 2 0.11
1888 2 0.13
1889 2 0.12
1890 2 0.13
1891 2 0.12
1892 2 0.13
1893 2 0.12
1894 2 0.13
1895 2 0.12
1896 2 0.14
1897 2 0.13
1898 2 0.12
1899 2 0.13
1900 2 0.12
1901 2 0.13
1902 2 0.12
1903 2 0.13
1904 2 0.12
1905 2 0.13
1906 2 0.12
1907 2 0.13
1908 2 0.12
1909 2 0.11
1910 2 0.14
1911 2 0.13
1912 2 0.12
1913 2 0.13
1914 2 0.12
1915 2 0.13
1916 2 0.12
1917 2 0.13
1918 2 0.12
1919 2 0.13
1920 2 0.12
1921 2 0.13
1922 2 0.12
1923 2 0.13
1924 2 0.12
1925 2 0.13
1926 2 0.12
1927 2 0.15
1928 2 0.12
1929 2 0.13
1930 2 0.12
1931 2 0.13
1932 2 0.12
1933 2 0.13
1934 2 0.14
1935 2 0.12
1936 2 0.13
1937 2 0.12
1938 2 0.13
1939 2 0.12
1940 2 0.13
1941 2 0.12
1942 2 0.14
1943 2 0.13
1944 2 0.12
1945 2 0.13
1946 2 0.12
1947 2 0.14
1948 2 0.13
1949 2 0.12
1950 2 0.13
1951 2 0.12
1952 2 0.12
1953 2 0.13
1954 2 0.12
1955 2 0.13
1956 2 0.12
1957 2 0.14
1958 2 0.13
1959 2 0.12
1960 2 0.13
1961 2 0.12
1962 2 0.14
1963 2 0.13
1964 2 0.12
1965 2 0.13
1966 2 0.14
1967 2 0.12
1968 2 0.13
1969 2 0.14
1970 2 0.13
1971 2 0.12
1972 2 0.13
1973 2 0.12
1974 2 0.14
1975 2 0.13
1976 2 0.14
1977 2 0.12
1978 2 0.13
1979 2 0.14
1980 2 0.12
1981 2 0.13
1982 2 0.12
1983 2 0.13
1984 2 0.14
1985 2 0.12
1986 2 0.13
1987 2 0.14
1988 2 0.12
1989 2 0.13
1990 2 0.14
1991 2 0.12
1992 2 0.14
1993 2 0.13
1994 2 0.12
1995 2 0.15
1996 2 0.12
1997 2 0.13
1998 2 0.14
1999 2 0.12
2000 2 0.13
2001 2 0.14
2002 2 0.12
2003 2 0.14
2004 2 0.13
2005 2 0.14
2006 2 0.12
2007 2 0.13
2008 2 0.14
2009 2 0.12
2010 2 0.14
2011 2 0.13
2012 2 0.14
2013 2 0.12
2014 2 0.15
2015 2 0.12
2016 2 0.13
2017 2 0.14
2018 2 0.12
2019 2 0.14
2020 2 0.13
2021 2 0.14
2022 2 0.12
2023 2 0.14
2024 2 0.13
2025 2 0.14
2026 2 0.12
2027 2 0.14
2028 2 0.14
2029 2 0.13
2030 2 0.12
2031 2 0.15
2032 2 0.14
2033 2 0.12
2034 2 0.14
2035 2 0.13
2036 2 0.14
2037 2 0.12
2038 2 0.14
2039 2 0.13
2040 2 0.14
2041 2 0.14
2042 2 0.12
2043 2 0.14
2044 2 0.13
2045 2 0.14
2046 2 0.13
2047 2 0.14
2048 2 0.12
2049 2 0.14
2050 2 0.14
2051 2 0.13
2052 2 0.14
2053 2 0.12
2054 2 0.14
2055 2 0.14
2056 2 0.14
2057 2 0.13
2058 2 0.14
2059 2 0.14
2060 2 0.13
2061 2 0.14
2062 2 0.14
2063 2 0.12
2064 2 0.14
2065 2 0.14
2066 2 0.13
2067 2 0.14
2068 2 0.14
2069 2 0.12
2070 2 0.15
2071 2 0.14
2072 2 0.12
2073 2 0.14
2074 2 0.14
2075 2 0.14
2076 2 0.13
2077 2 0.14
2078 2 0.14
2079 2 0.12
2080 2 0.14
2081 2 0.15
2082 2 0.12
2083 2 0.14
2084 2 0.14
2085 2 0.14
2086 2 0.13
2087 2 0.14
2088 2 0.14
2089 2 0.14
2090 2 0.14
2091 2 0.12
2092 2 0.15
2093 2 0.14
2094 2 0.14
2095 2 0.12
2096 2 0.14
2097 2 0.14
2098 2 0.14
2099 2 0.14
2100 2 0.13
2101 2 0.14
2102 2 0.14
2103 2 0.14
2104 2 0.14
2105 2 0.13
2106 2 0.14
2107 2 0.14
2108 2 0.14
2109 2 0.14
2110 2 0.14
2111 2 0.14
2112 2 0.13
2113 2 0.14
2114 2 0.14
2115 2 0.14
2116 2 0.14
2117 2 0.14
2118 2 0.14
2119 2 0.12
2120 2 0.14
2121 2 0.15
2122 2 0.14
2123 2 0.14
2124 2 0.14
2125 2 0.14
2126 2 0.14
2127 2 0.14
2128 2 0.14
2129 2 0.14
2130 2 0.14
2131 2 0.14
2132 2 0.14
2133 2 0.14
2134 2 0.14
2135 2 0.14
2136 2 0.14
2137 2 0.15
2138 2 0.14
2139 2 0.14
2140 2 0.14
2141 2 0.14
2142 2 0.14
2143 2 0.14
2144 2 0.14
2145 2 0.14
2146 2 0.14
2147 2 0.14
2148 2 0.14
2149 2 0.14
2150 2 0.13
2151 2 0.14
2152 2 0.14
2153 2 0.14
2154 2 0.14
2155 2 0.14
2156 2 0.14
2157 2 0.14
2158 2 0.14
2159 2 0.14
2160 2 0.14
2161 2 0.14
2162 2 0.15
2163 2 0.14
2164 2 0.14
2165 2 0.14
2166 2 0.14
2167 2 0.14
2168 2 0.14
2169 2 0.14
2170 2 0.16
2171 2 0.14
2172 2 0.14
2173 2 0.14
2174 2 0.14
2175 2 0.14
2176 2 0.14
2177 2 0.14
2178 2 0.14
2179 2 0.14
2180 2 0.14
2181 2 0.16
2182 2 0.14
2183 2 0.14
2184 2 0.14
2185 2 0.14
2186 2 0.14
2187 2 0.16
2188 2 0.14
2189 2 0.14
2190 2 0.14
2191 2 0.14
2192 2 0.14
2193 2 0.16
2194 2 0.14
2195 2 0.14
2196 2 0.14
2197 2 0.14
2198 2 0.16
2199 2 0.14
2200 2 0.14
2201 2 0.14
2202 2 0.14
2203 2 0.15
2204 2 0.16
2205 2 0.14
2206 2 0.14
2207 2 0.14
2208 2 0.14
2209 2 0.16
2210 2 0.14
2211 2 0.14
2212 2 0.14
2213 2 0.16
2214 2 0.14
2215 2 0.14
2216 2 0.14
2217 2 0.16
2218 2 0.14
2219 2 0.14
2220 2 0.15
2221 2 0.14
2222 2 0.14
2223 2 0.15
2224 2 0.15
2225 2 0.14
2226 2 0.14
2227 2 0.16
2228 2 0.14
2229 2 0.14
2230 2 0.16
2231 2 0.14
2232 2 0.14
2233 2 0.15
2234 2 0.14
2235 2 0.15
2236 2 0.15
2237 2 0.14
2238 2 0.16
2239 2 0.14
2240 2 0.16
2241 2 0.14
2242 2 0.14
2243 2 0.15
2244 2 0.14
2245 2 0.16
2246 2 0.14
2247 2 0.14
2248 2 0.16
2249 2 0.14
2250 2 0.14
2251 2 0.15
2252 2 0.15
2253 2 0.15
2254 2 0.14
2255 2 0.16
2256 2 0.14
2257 2 0.14
2258 2 0.16
2259 2 0.14
2260 2 0.15
2261 2 0.14
2262 2 0.16
2263 2 0.14
2264 2 0.16
2265 2 0.14
2266 2 0.15
2267 2 0.14
2268 2 0.16
2269 2 0.14
2270 2 0.16
2271 2 0.14
2272 2 0.15
2273 2 0.16
2274 2 0.14
2275 2 0.16
2276 2 0.14
2277 2 0.15
2278 2 0.14
2279 2 0.16
2280 2 0.16
2281 2 0.14
2282 2 0.15
2283 2 0.14
2284 2 0.16
2285 2 0.14
2286 2 0.16
2287 2 0.14
2288 2 0.15
2289 2 0.16
2290 2 0.14
2291 2 0.16
2292 2 0.14
2293 2 0.15
2294 2 0.15
2295 2 0.15
2296 2 0.16
2297 2 0.14
2298 2 0.15
2299 2 0.15
2300 2 0.15
2301 2 0.14
2302 2 0.16
2303 2 0.15
2304 2 0.15
2305 2 0.15
2306 2 0.16
2307 2 0.14
2308 2 0.15
2309 2 0.16
2310 2 0.14
2311 2 0.16
2312 2 0.15
2313 2 0.14
2314 2 0.16
2315 2 0.16
2316 2 0.15
2317 2 0.14
2318 2 0.16
2319 2 0.16
2320 2 0.14
2321 2 0.15
2322 2 0.16
2323 2 0.14
2324 2 0.16
2325 2 0.15
2326 2 0.14
2327 2 0.16
2328 2 0.16
2329 2 0.15
2330 2 0.14
2331 2 0.16
2332 2 0.16
2333 2 0.14
2334 2 0.15
2335 2 0.16
2336 2 0.15
2337 2 0.15
2338 2 0.14
2339 2 0.16
2340 2 0.15
2341 2 0.16
2342 2 0.16
2343 2 0.14
2344 2 0.15
2345 2 0.16
2346 2 0.16
2347 2 0.15
2348 2 0.16
2349 2 0.15
2350 2 0.16
2351 2 0.14
2352 2 0.16
2353 2 0.15
2354 2 0.16
2355 2 0.16
2356 2 0.15
2357 2 0.14
2358 2 0.16
2359 2 0.16
2360 2 0.15
2361 2 0.16
2362 2 0.15
2363 2 0.15
2364 2 0.15
2365 2 0.16
2366 2 0.15
2367 2 0.16
2368 2 0.16
2369 2 0.15
2370 2 0.16
2371 2 0.16
2372 2 0.15
2373 2 0.14
2374 2 0.16
2375 2 0.15
2376 2 0.16
2377 2 0.16
2378 2 0.15
2379 2 0.16
2380 2 0.16
2381 2 0.15
2382 2 0.16
2383 2 0.15
2384 2 0.16
2385 2 0.16
2386 2 0.15
2387 2 0.16
2388 2 0.16
2389 2 0.15
2390 2 0.16
2391 2 0.15
2392 2 0.16
2393 2 0.16
2394 2 0.15
2395 2 0.16
2396 2 0.14
2397 2 0.17
2398 2 0.16
2399 2 0.15
2400 2 0.16
2401 2 0.16
2402 2 0.15
2403 2 0.16
2404 2 0.16
2405 2 0.15
2406 2 0.16
2407 2 0.15
2408 2 0.16
2409 2 0.16
2410 2 0.15
2411 2 0.18
2412 2 0.15
2413 2 0.16
2414 2 0.15
2415 2 0.16
2416 2 0.16
2417 2 0.17
2418 2 0.15
2419 2 0.16
2420 2 0.16
2421 2 0.15
2422 2 0.16
2423 2 0.16
2424 2 0.15
2425 2 0.17
2426 2 0.16
2427 2 0.16
2428 2 0.15
2429 2 0.16
2430 2 0.16
2431 2 0.15
2432 2 0.16
2433 2 0.15
2434 2 0.16
2435 2 0.17
2436 2 0.16
2437 2 0.15
2438 2 0.16
2439 2 0.16
2440 2 0.15
2441 2 0.16
2442 2 0.17
2443 2 0.16
2444 2 0.15
2445 2 0.16
2446 2 0.16
2447 2 0.17
2448 2 0.15
2449 2 0.16
2450 2 0.16
2451 2 0.15
2452 2 0.18
2453 2 0.15
2454 2 0.16
2455 2 0.15
2456 2 0.16
2457 2 0.17
2458 2 0.16
2459 2 0.15
2460 2 0.16
2461 2 0.17
2462 2 0.16
2463 2 0.16
2464 2 0.15
2465 2 0.17
2466 2 0.16
2467 2 0.17
2468 2 0.16
2469 2 0.15
2470 2 0.18
2471 2 0.15
2472 2 0.16
2473 2 0.17
2474 2 0.16
2475 2 0.17
2476 2 0.15
2477 2 0.16
2478 2 0.16
2479 2 0.17
2480 2 0.16
2481 2 0.17
2482 2 0.15
2483 2 0.18
2484 2 0.15
2485 2 0.17
2486 2 0.16
2487 2 0.17
2488 2 0.16
2489 2 0.15
2490 2 0.18
2491 2 0.15
2492 2 0.17
2493 2 0.16
2494 2 0.16
2495 2 0.17
2496 2 0.15
2497 2 0.18
2498 2 0.15
2499 2 0.16
2500 2 0.17
2501 2 0.16
2502 2 0.17
2503 2 0.16
2504 2 0.17
2505 2 0.15
2506 2 0.18
2507 2 0.15
2508 2 0.16
2509 2 0.17
2510 2 0.16
2511 2 0.17
2512 2 0.15
2513 2 0.18
2514 2 0.15
2515 2 0.17
2516 2 0.16
2517 2 0.17
2518 2 0.16
2519 2 0.17
2520 2 0.16
2521 2 0.17
2522 2 0.15
2523 2 0.18
2524 2 0.15
2525 2 0.17
2526 2 0.18
2527 2 0.15
2528 2 0.17
2529 2 0.16
2530 2 0.17
2531 2 0.16
2532 2 0.17
2533 2 0.16
2534 2 0.15
2535 2 0.18
2536 2 0.15
2537 2 0.17
2538 2 0.16
2539 2 0.17
2540 2 0.17
2541 2 0.16
2542 2 0.17
2543 2 0.17
2544 2 0.16
2545 2 0.17
2546 2 0.17
2547 2 0.18
2548 2 0.17
2549 2 0.15
2550 2 0.18
2551 2 0.17
2552 2 0.15
2553 2 0.18
2554 2 0.17
2555 2 0.15
2556 2 0.18
2557 2 0.17
2558 2 0.15
2559 2 0.18
2560 2 0.17
2561 2 0.17
2562 2 0.16
2563 2 0.17
2564 2 0.17
2565 2 0.16
2566 2 0.17
2567 2 0.17
2568 2 0.16
2569 2 0.17
2570 2 0.17
2571 2 0.17
2572 2 0.16
2573 2 0.17
2574 2 0.17
2575 2 0.17
2576 2 0.16
2577 2 0.17
2578 2 0.17
2579 2 0.16
2580 2 0.17
2581 2 0.17
2582 2 0.17
2583 2 0.18
2584 2 0.15
2585 2 0.17
2586 2 0.18
2587 2 0.17
2588 2 0.15
2589 2 0.18
2590 2 0.17
2591 2 0.17
2592 2 0.17
2593 2 0.16
2594 2 0.17
2595 2 0.17
2596 2 0.17
2597 2 0.18
2598 2 0.17
2599 2 0.15
2600 2 0.18
2601 2 0.17
2602 2 0.17
2603 2 0.17
2604 2 0.17
2605 2 0.18
2606 2 0.15
2607 2 0.17
2608 2 0.18
2609 2 0.17
2610 2 0.17
2611 2 0.17
2612 2 0.19
2613 2 0.17
2614 2 0.16
2615 2 0.17
2616 2 0.17
2617 2 0.17
2618 2 0.17
2619 2 0.18
2620 2 0.17
2621 2 0.17
2622 2 0.17
2623 2 0.17
2624 2 0.18
2625 2 0.15
2626 2 0.17
2627 2 0.18
2628 2 0.17
2629 2 0.17
2630 2 0.17
2631 2 0.17
2632 2 0.17
2633 2 0.18
2634 2 0.17
2635 2 0.17
2636 2 0.17
2637 2 0.17
2638 2 0.18
2639 2 0.17
2640 2 0.17
2641 2 0.17
2642 2 0.17
2643 2 0.18
2644 2 0.17
2645 2 0.17
2646 2 0.17
2647 2 0.17
2648 2 0.17
2649 2 0.18
2650 2 0.17
2651 2 0.17
2652 2 0.17
2653 2 0.17
2654 2 0.18
2655 2 0.18
2656 2 0.18
2657 2 0.17
2658 2 0.17
2659 2 0.17
2660 2 0.17
2661 2 0.17
2662 2 0.18
2663 2 0.17
2664 2 0.19
2665 2 0.17
2666 2 0.17
2667 2 0.17
2668 2 0.17
2669 2 0.18
2670 2 0.17
2671 2 0.18
2672 2 0.18
2673 2 0.17
2674 2 0.17
2675 2 0.17
2676 2 0.19
2677 2 0.17
2678 2 0.17
2679 2 0.18
2680 2 0.17
2681 2 0.17
2682 2 0.19
2683 2 0.17
2684 2 0.17
2685 2 0.17
2686 2 0.17
2687 2 0.18
2688 2 0.17
2689 2 0.19
2690 2 0.17
2691 2 0.17
2692 2 0.17
2693 2 0.17
2694 2 0.17
2695 2 0.19
2696 2 0.17
2697 2 0.18
2698 2 0.17
2699 2 0.19
2700 2 0.17
2701 2 0.17
2702 2 0.17
2703 2 0.19
2704 2 0.17
2705 2 0.17
2706 2 0.19
2707 2 0.17
2708 2 0.17
2709 2 0.18
2710 2 0.18
2711 2 0.17
2712 2 0.18
2713 2 0.18
2714 2 0.18
2715 2 0.17
2716 2 0.19
2717 2 0.17
2718 2 0.17
2719 2 0.17
2720 2 0.19
2721 2 0.17
2722 2 0.17
2723 2 0.19
2724 2 0.17
2725 2 0.17
2726 2 0.19
2727 2 0.17
2728 2 0.17
2729 2 0.19
2730 2 0.17
2731 2 0.19
2732 2 0.17
2733 2 0.19
2734 2 0.19
2735 2 0.17
2736 2 0.17
2737 2 0.19
2738 2 0.17
2739 2 0.19
2740 2 0.17
2741 2 0.17
2742 2 0.19
2743 2 0.17
2744 2 0.19
2745 2 0.17
2746 2 0.19
2747 2 0.17
2748 2 0.19
2749 2 0.17
2750 2 0.19
2751 2 0.17
2752 2 0.19
2753 2 0.17
2754 2 0.19
2755 2 0.17
2756 2 0.17
2757 2 0.19
2758 2 0.17
2759 2 0.19
2760 2 0.17
2761 2 0.19
2762 2 0.17
2763 2 0.19
2764 2 0.17
2765 2 0.19
2766 2 0.17
2767 2 0.18
2768 2 0.19
2769 2 0.17
2770 2 0.19
2771 2 0.17
2772 2 0.19
2773 2 0.17
2774 2 0.19
2775 2 0.17
2776 2 0.19
2777 2 0.17
2778 2 0.19
2779 2 0.17
2780 2 0.19
2781 2 0.19
2782 2 0.17
2783 2 0.19
2784 2 0.17
2785 2 0.18
2786 2 0.18
2787 2 0.18
2788 2 0.19
2789 2 0.17
2790 2 0.19
2791 2 0.19
2792 2 0.19
2793 2 0.17
2794 2 0.19
2795 2 0.18
2796 2 0.17
2797 2 0.19
2798 2 0.19
2799 2 0.17
2800 2 0.19
2801 2 0.19
2802 2 0.17
2803 2 0.19
2804 2 0.18
2805 2 0.19
2806 2 0.17
2807 2 0.19
2808 2 0.19
2809 2 0.17
2810 2 0.19
2811 2 0.18
2812 2 0.19
2813 2 0.17
2814 2 0.19
2815 2 0.19
2816 2 0.17
2817 2 0.19
2818 2 0.19
2819 2 0.18
2820 2 0.19
2821 2 0.17
2822 2 0.19
2823 2 0.19
2824 2 0.19
2825 2 0.17
2826 2 0.18
2827 2 0.19
2828 2 0.19
2829 2 0.19
2830 2 0.17
2831 2 0.19
2832 2 0.18
2833 2 0.19
2834 2 0.19
2835 2 0.19
2836 2 0.17
2837 2 0.19
2838 2 0.18
2839 2 0.19
2840 2 0.19
2841 2 0.19
2842 2 0.18
2843 2 0.18
2844 2 0.18
2845 2 0.19
2846 2 0.19
2847 2 0.19
2848 2 0.18
2849 2 0.19
2850 2 0.19
2851 2 0.19
2852 2 0.18
2853 2 0.19
2854 2 0.19
2855 2 0.19
2856 2 0.18
2857 2 0.19
2858 2 0.19
2859 2 0.19
2860 2 0.18
2861 2 0.19
2862 2 0.17
2863 2 0.19
2864 2 0.19
2865 2 0.18
2866 2 0.19
2867 2 0.19
2868 2 0.19
2869 2 0.18
2870 2 0.19
2871 2 0.19
2872 2 0.19
2873 2 0.18
2874 2 0.19
2875 2 0.19
2876 2 0.19
2877 2 0.18
2878 2 0.19
2879 2 0.19
2880 2 0.19
2881 2 0.18
2882 2 0.19
2883 2 0.19
2884 2 0.19
2885 2 0.18
2886 2 0.21
2887 2 0.19
2888 2 0.18
2889 2 0.19
2890 2 0.19
2891 2 0.19
2892 2 0.18
2893 2 0.19
2894 2 0.19
2895 2 0.19
2896 2 0.18
2897 2 0.19
2898 2 0.19
2899 2 0.19
2900 2 0.18
2901 2 0.19
2902 2 0.19
2903 2 0.19
2904 2 0.18
2905 2 0.19
2906 2 0.2
2907 2 0.19
2908 2 0.19
2909 2 0.19
2910 2 0.18
2911 2 0.19
2912 2 0.19
2913 2 0.2
2914 2 0.19
2915 2 0.19
2916 2 0.18
2917 2 0.19
2918 2 0.19
2919 2 0.19
2920 2 0.2
2921 2 0.19
2922 2 0.18
2923 2 0.19
2924 2 0.19
2925 2 0.19
2926 2 0.2
2927 2 0.19
2928 2 0.19
2929 2 0.18
2930 2 0.21
2931 2 0.18
2932 2 0.19
2933 2 0.19
2934 2 0.19
2935 2 0.2
2936 2 0.19
2937 2 0.18
2938 2 0.21
2939 2 0.18
2940 2 0.19
2941 2 0.19
2942 2 0.2
2943 2 0.19
2944 2 0.19
2945 2 0.19
2946 2 0.2
2947 2 0.19
2948 2 0.18
2949 2 0.19
2950 2 0.19
2951 2 0.2
2952 2 0.19
2953 2 0.19
2954 2 0.2
2955 2 0.19
2956 2 0.18
2957 2 0.21
2958 2 0.19
2959 2 0.2
2960 2 0.19
2961 2 0.2
2962 2 0.19
2963 2 0.2
2964 2 0.19
2965 2 0.18
2966 2 0.21
2967 2 0.19
2968 2 0.18
2969 2 0.19
2970 2 0.2
2971 2 0.19
2972 2 0.19
2973 2 0.2
2974 2 0.19
2975 2 0.2
2976 2 0.19
2977 2 0.19
2978 2 0.2
2979 2 0.19
2980 2 0.2
2981 2 0.19
2982 2 0.19
2983 2 0.2
2984 2 0.19
2985 2 0.2
2986 2 0.19
2987 2 0.18
2988 2 0.21
2989 2 0.19
2990 2 0.2
2991 2 0.19
2992 2 0.2
2993 2 0.19
2994 2 0.18
2995 2 0.21
2996 2 0.18
2997 2 0.21
2998 2 0.19
2999 2 0.2
3000 2 0.19
3001 2 0.2
3002 2 0.19
3003 2 0.2
3004 2 0.19
3005 2 0.2
3006 2 0.19
3007 2 0.2
3008 2 0.19
3009 2 0.2
3010 2 0.19
3011 2 0.2
3012 2 0.19
3013 2 0.2
3014 2 0.21
3015 2 0.18
3016 2 0.21
3017 2 0.2
3018 2 0.19
3019 2 0.2
3020 2 0.19
3021 2 0.2
3022 2 0.19
3023 2 0.2
3024 2 0.2
3025 2 0.19
3026 2 0.21
3027 2 0.18
3028 2 0.21
3029 2 0.18
3030 2 0.21
3031 2 0.2
3032 2 0.19
3033 2 0.2
3034 2 0.19
3035 2 0.2
3036 2 0.2
3037 2 0.19
3038 2 0.2
3039 2 0.19
3040 2 0.21
3041 2 0.2
3042 2 0.2
3043 2 0.19
3044 2 0.2
3045 2 0.21
3046 2 0.18
3047 2 0.21
3048 2 0.2
3049 2 0.19
3050 2 0.2
3051 2 0.2
3052 2 0.19
3053 2 0.2
3054 2 0.21
3055 2 0.18
3056 2 0.21
3057 2 0.2
3058 2 0.2
3059 2 0.19
3060 2 0.2
3061 2 0.21
3062 2 0.18
3063 2 0.21
3064 2 0.2
3065 2 0.2
3066 2 0.19
3067 2 0.22
3068 2 0.2
3069 2 0.19
3070 2 0.2
3071 2 0.21
3072 2 0.2
3073 2 0.19
3074 2 0.2
3075 2 0.2
3076 2 0.21
3077 2 0.18
3078 2 0.21
3079 2 0.2
3080 2 0.2
3081 2 0.21
3082 2 0.18
3083 2 0.21
3084 2 0.2
3085 2 0.2
3086 2 0.21
3087 2 0.18
3088 2 0.21
3089 2 0.2
3090 2 0.2
3091 2 0.21
3092 2 0.2
3093 2 0.19
3094 2 0.2
3095 2 0.2
3096 2 0.21
3097 2 0.2
3098 2 0.2
3099 2 0.21
3100 2 0.2
3101 2 0.2
3102 2 0.19
3103 2 0.2
3104 2 0.21
3105 2 0.2
3106 2 0.2
3107 2 0.21
3108 2 0.2
3109 2 0.2
3110 2 0.21
3111 2 0.18
3112 2 0.21
3113 2 0.2
3114 2 0.2
3115 2 0.21
3116 2 0.2
3117 2 0.2
3118 2 0.2
3119 2 0.21
3120 2 0.2
3121 2 0.2
3122 2 0.21
3123 2 0.2
3124 2 0.2
3125 2 0.21
3126 2 0.2
3127 2 0.2
3128 2 0.21
3129 2 0.2
3130 2 0.2
3131 2 0.22
3132 2 0.19
3133 2 0.2
3134 2 0.2
3135 2 0.21
3136 2 0.2
3137 2 0.2
3138 2 0.21
3139 2 0.2
3140 2 0.2
3141 2 0.22
3142 2 0.21
3143 2 0.2
3144 2 0.2
3145 2 0.2
3146 2 0.21
3147 2 0.2
3148 2 0.2
3149 2 0.21
3150 2 0.2
3151 2 0.2
3152 2 0.22
3153 2 0.21
3154 2 0.2
3155 2 0.2
3156 2 0.2
3157 2 0.21
3158 2 0.2
3159 2 0.2
3160 2 0.21
3161 2 0.22
3162 2 0.2
3163 2 0.2
3164 2 0.21
3165 2 0.2
3166 2 0.2
3167 2 0.22
3168 2 0.2
3169 2 0.22
3170 2 0.21
3171 2 0.2
3172 2 0.2
3173 2 0.2
3174 2 0.21
3175 2 0.22
3176 2 0.2
3177 2 0.2
3178 2 0.21
3179 2 0.2
3180 2 0.2
3181 2 0.22
3182 2 0.2
3183 2 0.21
3184 2 0.2
3185 2 0.2
3186 2 0.22
3187 2 0.21
3188 2 0.2
3189 2 0.2
3190 2 0.22
3191 2 0.2
3192 2 0.21
3193 2 0.2
3194 2 0.22
3195 2 0.2
3196 2 0.2
3197 2 0.21
3198 2 0.22
3199 2 0.2
3200 2 0.22
3201 2 0.2
3202 2 0.2
3203 2 0.21
3204 2 0.22
3205 2 0.2
3206 2 0.2
3207 2 0.22
3208 2 0.2
3209 2 0.21
3210 2 0.22
3211 2 0.2
3212 2 0.2
3213 2 0.22
3214 2 0.2
3215 2 0.21
3216 2 0.22
3217 2 0.2
3218 2 0.22
3219 2 0.22
3220 2 0.2
3221 2 0.22
3222 2 0.2
3223 2 0.22
3224 2 0.2
3225 2 0.21
3226 2 0.22
3227 2 0.2
3228 2 0.2
3229 2 0.22
3230 2 0.2
3231 2 0.22
3232 2 0.21
3233 2 0.21
3234 2 0.21
3235 2 0.2
3236 2 0.22
3237 2 0.2
3238 2 0.22
3239 2 0.2
3240 2 0.22
3241 2 0.21
3242 2 0.22
3243 2 0.2
3244 2 0.22
3245 2 0.2
3246 2 0.22
3247 2 0.2
3248 2 0.22
3249 2 0.2
3250 2 0.22
3251 2 0.21
3252 2 0.21
3253 2 0.21
3254 2 0.22
3255 2 0.2
3256 2 0.22
3257 2 0.22
3258 2 0.2
3259 2 0.22
3260 2 0.2
3261 2 0.22
3262 2 0.22
3263 2 0.2
3264 2 0.22
3265 2 0.2
3266 2 0.22
3267 2 0.22
3268 2 0.21
3269 2 0.21
3270 2 0.22
3271 2 0.22
3272 2 0.22
3273 2 0.2
3274 2 0.22
3275 2 0.22
3276 2 0.2
3277 2 0.22
3278 2 0.22
3279 2 0.22
3280 2 0.2
3281 2 0.22
3282 2 0.21
3283 2 0.21
3284 2 0.22
3285 2 0.22
3286 2 0.2
3287 2 0.22
3288 2 0.21
3289 2 0.22
3290 2 0.21
3291 2 0.22
3292 2 0.21
3293 2 0.21
3294 2 0.22
3295 2 0.21
3296 2 0.22
3297 2 0.21
3298 2 0.21
3299 2 0.22
3300 2 0.21
3301 2 0.22
3302 2 0.21
3303 2 0.22
3304 2 0.21
3305 2 0.22
3306 2 0.22
3307 2 0.2
3308 2 0.22
3309 2 0.22
3310 2 0.22
3311 2 0.2
3312 2 0.22
3313 2 0.22
3314 2 0.22
3315 2 0.22
3316 2 0.2
3317 2 0.22
3318 2 0.22
3319 2 0.22
3320 2 0.22
3321 2 0.22
3322 2 0.21
3323 2 0.22
3324 2 0.22
3325 2 0.22
3326 2 0.2
3327 2 0.22
3328 2 0.22
3329 2 0.22
3330 2 0.22
3331 2 0.2
3332 2 0.22
3333 2 0.22
3334 2 0.22
3335 2 0.22
3336 2 0.22
3337 2 0.21
3338 2 0.22
3339 2 0.21
3340 2 0.23
3341 2 0.2
3342 2 0.22
3343 2 0.22
3344 2 0.22
3345 2 0.22
3346 2 0.22
3347 2 0.22
3348 2 0.22
3349 2 0.21
3350 2 0.22
3351 2 0.22
3352 2 0.22
3353 2 0.22
3354 2 0.2
3355 2 0.22
3356 2 0.22
3357 2 0.22
3358 2 0.22
3359 2 0.22
3360 2 0.21
3361 2 0.22
3362 2 0.22
3363 2 0.22
3364 2 0.22
3365 2 0.22
3366 2 0.22
3367 2 0.22
3368 2 0.21
3369 2 0.22
3370 2 0.24
3371 2 0.22
3372 2 0.22
3373 2 0.21
3374 2 0.22
3375 2 0.22
3376 2 0.22
3377 2 0.22
3378 2 0.22
3379 2 0.22
3380 2 0.22
3381 2 0.21
3382 2 0.22
3383 2 0.22
3384 2 0.22
3385 2 0.22
3386 2 0.22
3387 2 0.22
3388 2 0.22
3389 2 0.21
3390 2 0.22
3391 2 0.22
3392 2 0.22
3393 2 0.23
3394 2 0.22
3395 2 0.22
3396 2 0.22
3397 2 0.22
3398 2 0.22
3399 2 0.22
3400 2 0.22
3401 2 0.21
3402 2 0.22
3403 2 0.24
3404 2 0.22
3405 2 0.22
3406 2 0.21
3407 2 0.22
3408 2 0.22
3409 2 0.22
3410 2 0.22
3411 2 0.23
3412 2 0.22
3413 2 0.22
3414 2 0.22
3415 2 0.22
3416 2 0.22
3417 2 0.23
3418 2 0.22
3419 2 0.23
3420 2 0.22
3421 2 0.22
3422 2 0.24
3423 2 0.22
3424 2 0.21
3425 2 0.22
3426 2 0.22
3427 2 0.22
3428 2 0.23
3429 2 0.22
3430 2 0.22
3431 2 0.22
3432 2 0.24
3433 2 0.21
3434 2 0.22
3435 2 0.22
3436 2 0.24
3437 2 0.21
3438 2 0.22
3439 2 0.22
3440 2 0.24
3441 2 0.22
3442 2 0.21
3443 2 0.24
3444 2 0.22
3445 2 0.22
3446 2 0.21
3447 2 0.24
3448 2 0.22
3449 2 0.22
3450 2 0.23
3451 2 0.22
3452 2 0.22
3453 2 0.23
3454 2 0.22
3455 2 0.22
3456 2 0.23
3457 2 0.22
3458 2 0.22
3459 2 0.24
3460 2 0.22
3461 2 0.23
3462 2 0.22
3463 2 0.22
3464 2 0.23
3465 2 0.24
3466 2 0.21
3467 2 0.24
3468 2 0.22
3469 2 0.22
3470 2 0.23
3471 2 0.22
3472 2 0.23
3473 2 0.22
3474 2 0.22
3475 2 0.24
3476 2 0.21
3477 2 0.24
3478 2 0.22
3479 2 0.22
3480 2 0.23
3481 2 0.22
3482 2 0.23
3483 2 0.22
3484 2 0.24
3485 2 0.22
3486 2 0.23
3487 2 0.22
3488 2 0.22
3489 2 0.23
3490 2 0.22
3491 2 0.24
3492 2 0.21
3493 2 0.24
3494 2 0.22
3495 2 0.23
3496 2 0.22
3497 2 0.23
3498 2 0.22
3499 2 0.24
3500 2 0.22
3501 2 0.23
3502 2 0.22
3503 2 0.23
3504 2 0.22
3505 2 0.24
3506 2 0.22
3507 2 0.23
3508 2 0.22
3509 2 0.23
3510 2 0.24
3511 2 0.23
3512 2 0.22
3513 2 0.24
3514 2 0.21
3515 2 0.24
3516 2 0.23
3517 2 0.22
3518 2 0.24
3519 2 0.21
3520 2 0.24
3521 2 0.23
3522 2 0.22
3523 2 0.24
3524 2 0.22
3525 2 0.23
3526 2 0.23
3527 2 0.22
3528 2 0.24
3529 2 0.23
3530 2 0.22
3531 2 0.23
3532 2 0.24
3533 2 0.22
3534 2 0.23
3535 2 0.24
3536 2 0.22
3537 2 0.23
3538 2 0.23
3539 2 0.24
3540 2 0.22
3541 2 0.23
3542 2 0.24
3543 2 0.21
3544 2 0.24
3545 2 0.23
3546 2 0.22
3547 2 0.24
3548 2 0.23
3549 2 0.22
3550 2 0.23
3551 2 0.24
3552 2 0.22
3553 2 0.23
3554 2 0.24
3555 2 0.23
3556 2 0.23
3557 2 0.24
3558 2 0.23
3559 2 0.22
3560 2 0.24
3561 2 0.23
3562 2 0.24
3563 2 0.23
3564 2 0.22
3565 2 0.22
3566 2 0.24
3567 2 0.23
3568 2 0.24
3569 2 0.21
3570 2 0.24
3571 2 0.23
3572 2 0.24
3573 2 0.23
3574 2 0.24
3575 2 0.23
3576 2 0.22
3577 2 0.23
3578 2 0.24
3579 2 0.23
3580 2 0.24
3581 2 0.23
3582 2 0.24
3583 2 0.21
3584 2 0.24
3585 2 0.23
3586 2 0.24
3587 2 0.23
3588 2 0.24
3589 2 0.23
3590 2 0.22
3591 2 0.23
3592 2 0.24
3593 2 0.23
3594 2 0.24
3595 2 0.23
3596 2 0.24
3597 2 0.23
3598 2 0.23
3599 2 0.24
3600 2 0.22
3601 2 0.25
3602 2 0.23
3603 2 0.24
3604 2 0.23
3605 2 0.24
3606 2 0.23
3607 2 0.23
3608 2 0.24
3609 2 0.23
3610 2 0.24
3611 2 0.23
3612 2 0.24
3613 2 0.23
3614 2 0.23
3615 2 0.24
3616 2 0.23
3617 2 0.24
3618 2 0.23
3619 2 0.24
3620 2 0.23
3621 2 0.24
3622 2 0.23
3623 2 0.23
3624 2 0.24
3625 2 0.23
3626 2 0.24
3627 2 0.23
3628 2 0.24
3629 2 0.23
3630 2 0.23
3631 2 0.24
3632 2 0.23
3633 2 0.24
3634 2 0.23
3635 2 0.24
3636 2 0.23
3637 2 0.25
3638 2 0.24
3639 2 0.23
3640 2 0.23
3641 2 0.24
3642 2 0.23
3643 2 0.24
3644 2 0.25
3645 2 0.23
3646 2 0.24
3647 2 0.23
3648 2 0.23
3649 2 0.24
3650 2 0.25
3651 2 0.23
3652 2 0.25
3653 2 0.24
3654 2 0.23
3655 2 0.24
3656 2 0.23
3657 2 0.25
3658 2 0.24
3659 2 0.23
3660 2 0.23
3661 2 0.24
3662 2 0.23
3663 2 0.24
3664 2 0.25
3665 2 0.23
3666 2 0.24
3667 2 0.23
3668 2 0.25
3669 2 0.23
3670 2 0.24
3671 2 0.23
3672 2 0.25
3673 2 0.24
3674 2 0.23
3675 2 0.24
3676 2 0.25
3677 2 0.23
3678 2 0.24
3679 2 0.23
3680 2 0.25
3681 2 0.23
3682 2 0.24
3683 2 0.25
3684 2 0.23
3685 2 0.24
3686 2 0.23
3687 2 0.25
3688 2 0.24
3689 2 0.23
3690 2 0.25
3691 2 0.23
3692 2 0.24
3693 2 0.25
3694 2 0.23
3695 2 0.25
3696 2 0.24
3697 2 0.23
3698 2 0.25
3699 2 0.25
3700 2 0.24
3701 2 0.23
3702 2 0.25
3703 2 0.24
3704 2 0.23
3705 2 0.25
3706 2 0.23
3707 2 0.25
3708 2 0.24
3709 2 0.23
3710 2 0.25
3711 2 0.24
3712 2 0.25
3713 2 0.23
3714 2 0.24
3715 2 0.25
3716 2 0.23
3717 2 0.25
3718 2 0.23
3719 2 0.24
3720 2 0.25
3721 2 0.23
3722 2 0.25
3723 2 0.24
3724 2 0.25
3725 2 0.23
3726 2 0.25
3727 2 0.24
3728 2 0.25
3729 2 0.23
3730 2 0.24
3731 2 0.25
3732 2 0.23
3733 2 0.25
3734 2 0.23
3735 2 0.25
3736 2 0.24
3737 2 0.25
3738 2 0.23
3739 2 0.25
3740 2 0.25
3741 2 0.25
3742 2 0.24
3743 2 0.25
3744 2 0.23
3745 2 0.25
3746 2 0.24
3747 2 0.25
3748 2 0.23
3749 2 0.25
3750 2 0.23
3751 2 0.25
3752 2 0.25
3753 2 0.24
3754 2 0.25
3755 2 0.23
3756 2 0.25
3757 2 0.24
3758 2 0.25
3759 2 0.23
3760 2 0.25
3761 2 0.25
3762 2 0.24
3763 2 0.25
3764 2 0.23
3765 2 0.25
3766 2 0.25
3767 2 0.24
3768 2 0.25
3769 2 0.25
3770 2 0.23
3771 2 0.25
3772 2 0.25
3773 2 0.23
3774 2 0.25
3775 2 0.25
3776 2 0.24
3777 2 0.25
3778 2 0.25
3779 2 0.23
3780 2 0.25
3781 2 0.25
3782 2 0.25
3783 2 0.25
3784 2 0.24
3785 2 0.25
3786 2 0.25
3787 2 0.23
3788 2 0.25
3789 2 0.25
3790 2 0.25
3791 2 0.24
3792 2 0.25
3793 2 0.25
3794 2 0.23
3795 2 0.25
3796 2 0.25
3797 2 0.25
3798 2 0.23
3799 2 0.25
3800 2 0.25
3801 2 0.25
3802 2 0.24
3803 2 0.25
3804 2 0.25
3805 2 0.25
3806 2 0.23
3807 2 0.25
3808 2 0.25
3809 2 0.25
3810 2 0.24
3811 2 0.25
3812 2 0.25
3813 2 0.25
3814 2 0.25
3815 2 0.23
3816 2 0.25
3817 2 0.25
3818 2 0.25
3819 2 0.25
3820 2 0.25
3821 2 0.25
3822 2 0.24
3823 2 0.26
3824 2 0.25
3825 2 0.25
3826 2 0.25
3827 2 0.25
3828 2 0.25
3829 2 0.25
3830 2 0.25
3831 2 0.25
3832 2 0.25
3833 2 0.25
3834 2 0.25
3835 2 0.25
3836 2 0.25
3837 2 0.24
3838 2 0.25
3839 2 0.25
3840 2 0.25
3841 2 0.25
3842 2 0.25
3843 2 0.25
3844 2 0.25
3845 2 0.25
3846 2 0.25
3847 2 0.25
3848 2 0.25
3849 2 0.25
3850 2 0.25
3851 2 0.25
3852 2 0.25
3853 2 0.25
3854 2 0.25
3855 2 0.25
3856 2 0.25
3857 2 0.25
3858 2 0.25
3859 2 0.25
3860 2 0.25
3861 2 0.26
3862 2 0.25
3863 2 0.25
3864 2 0.25
3865 2 0.25
3866 2 0.25
3867 2 0.27
3868 2 0.25
3869 2 0.25
3870 2 0.25
3871 2 0.25
3872 2 0.26
3873 2 0.25
3874 2 0.25
3875 2 0.25
3876 2 0.25
3877 2 0.25
3878 2 0.25
3879 2 0.24
3880 2 0.25
3881 2 0.25
3882 2 0.25
3883 2 0.25
3884 2 0.25
3885 2 0.25
3886 2 0.25
3887 2 0.25
3888 2 0.25
3889 2 0.25
3890 2 0.25
3891 2 0.26
3892 2 0.25
3893 2 0.25
3894 2 0.25
3895 2 0.25
3896 2 0.25
3897 2 0.27
3898 2 0.25
3899 2 0.25
3900 2 0.25
3901 2 0.25
3902 2 0.25
3903 2 0.26
3904 2 0.25
3905 2 0.25
3906 2 0.25
3907 2 0.25
3908 2 0.25
3909 2 0.27
3910 2 0.25
3911 2 0.25
3912 2 0.27
3913 2 0.25
3914 2 0.26
3915 2 0.25
3916 2 0.25
3917 2 0.25
3918 2 0.27
3919 2 0.25
3920 2 0.25
3921 2 0.26
3922 2 0.25
3923 2 0.25
3924 2 0.27
3925 2 0.25
3926 2 0.25
3927 2 0.25
3928 2 0.26
3929 2 0.25
3930 2 0.25
3931 2 0.27
3932 2 0.25
3933 2 0.25
3934 2 0.25
3935 2 0.27
3936 2 0.25
3937 2 0.26
3938 2 0.25
3939 2 0.25
3940 2 0.27
3941 2 0.25
3942 2 0.25
3943 2 0.26
3944 2 0.25
3945 2 0.25
3946 2 0.27
3947 2 0.25
3948 2 0.26
3949 2 0.25
3950 2 0.27
3951 2 0.25
3952 2 0.25
3953 2 0.26
3954 2 0.25
3955 2 0.27
3956 2 0.27
3957 2 0.25
3958 2 0.25
3959 2 0.26
3960 2 0.25
3961 2 0.27
3962 2 0.25
3963 2 0.26
3964 2 0.25
3965 2 0.27
3966 2 0.25
3967 2 0.26
3968 2 0.25
3969 2 0.27
3970 2 0.25
3971 2 0.27
3972 2 0.25
3973 2 0.25
3974 2 0.26
3975 2 0.25
3976 2 0.27
3977 2 0.25
3978 2 0.26
3979 2 0.25
3980 2 0.27
3981 2 0.25
3982 2 0.26
3983 2 0.27
3984 2 0.25
3985 2 0.26
3986 2 0.27
3987 2 0.25
3988 2 0.27
3989 2 0.25
3990 2 0.26
3991 2 0.27
3992 2 0.26
3993 2 0.27
3994 2 0.25
3995 2 0.26
3996 2 0.25
3997 2 0.27
3998 2 0.25
3999 2 0.27
4000 2 0.25
4001 2 0.26
4002 2 0.27
4003 2 0.25
4004 2 0.26
4005 2 0.25
4006 2 0.27
4007 2 0.25
4008 2 0.26
4009 2 0.25
4010 2 0.27
4011 2 0.26
4012 2 0.25
4013 2 0.27
4014 2 0.25
4015 2 0.27
4016 2 0.26
4017 2 0.25
4018 2 0.27
4019 2 0.26
4020 2 0.25
4021 2 0.27
4022 2 0.25
4023 2 0.26
4024 2 0.27
4025 2 0.27
4026 2 0.25
4027 2 0.26
4028 2 0.27
4029 2 0.26
4030 2 0.25
4031 2 0.27
4032 2 0.26
4033 2 0.27
4034 2 0.25
4035 2 0.26
4036 2 0.27
4037 2 0.25
4038 2 0.27
4039 2 0.26
4040 2 0.27
4041 2 0.26
4042 2 0.25
4043 2 0.27
4044 2 0.26
4045 2 0.25
4046 2 0.27
4047 2 0.27
4048 2 0.26
4049 2 0.27
4050 2 0.26
4051 2 0.25
4052 2 0.27
4053 2 0.26
4054 2 0.27
4055 2 0.25
4056 2 0.26
4057 2 0.27
4058 2 0.27
4059 2 0.26
4060 2 0.25
4061 2 0.27
4062 2 0.26
4063 2 0.27
4064 2 0.26
4065 2 0.27
4066 2 0.27
4067 2 0.26
4068 2 0.28
4069 2 0.27
4070 2 0.28
4071 2 0.26
4072 2 0.27
4073 2 0.27
4074 2 0.25
4075 2 0.26
4076 2 0.27
4077 2 0.26
4078 2 0.27
4079 2 0.26
4080 2 0.27
4081 2 0.27
4082 2 0.26
4083 2 0.27
4084 2 0.26
4085 2 0.27
4086 2 0.26
4087 2 0.27
4088 2 0.26
4089 2 0.27
4090 2 0.25
4091 2 0.27
4092 2 0.26
4093 2 0.27
4094 2 0.26
4095 2 0.27
